internalField   nonuniform List<vector>
1280
(
(-250894 -5.80561e+06 210445)
(-407071 -5.80525e+06 60928.8)
(-457602 -5.83042e+06 -25151.8)
(-308896 -5.86281e+06 -67509)
(-201492 -5.93611e+06 -87836.2)
(5885.89 -5.99197e+06 -98931.6)
(155174 -6.04201e+06 -100755)
(-256732 -5.80583e+06 213786)
(-411002 -5.80364e+06 59036.2)
(-458544 -5.82857e+06 -28090.8)
(-302485 -5.85992e+06 -71008.7)
(-189649 -5.93439e+06 -91841.9)
(24168.5 -5.98987e+06 -102842)
(178563 -6.03982e+06 -105145)
(-260063 -5.80642e+06 215822)
(-414464 -5.80245e+06 57968.1)
(-459412 -5.82712e+06 -29588.6)
(-299297 -5.85724e+06 -72542.2)
(-183395 -5.93269e+06 -93589)
(33734.7 -5.98757e+06 -104517)
(191190 -6.0376e+06 -106972)
(-263875 -5.80738e+06 218093)
(-418113 -5.80142e+06 56535.3)
(-460172 -5.82592e+06 -31953.2)
(-294257 -5.85451e+06 -74813.8)
(-173902 -5.93088e+06 -96221.6)
(47439.9 -5.98499e+06 -107005)
(209193 -6.03511e+06 -109602)
(-213782 -5.78085e+06 435710)
(-316700 -5.74043e+06 159492)
(-345296 -5.77377e+06 -81000.9)
(-211438 -5.81128e+06 -190915)
(-114727 -5.92804e+06 -237398)
(49558.3 -6.0503e+06 -253668)
(166935 -6.15027e+06 -246925)
(-216437 -5.7815e+06 443048)
(-317102 -5.73714e+06 157194)
(-342544 -5.77447e+06 -90718.3)
(-201461 -5.81107e+06 -201554)
(-100633 -5.92966e+06 -248010)
(69166 -6.05217e+06 -263864)
(190576 -6.15301e+06 -256947)
(-217994 -5.78287e+06 447355)
(-317150 -5.73598e+06 156284)
(-341052 -5.77536e+06 -95411.5)
(-196252 -5.81138e+06 -206522)
(-93125.5 -5.93067e+06 -252800)
(79555.2 -6.05319e+06 -268360)
(203180 -6.15441e+06 -261299)
(-219667 -5.78488e+06 452985)
(-316874 -5.73432e+06 154834)
(-338573 -5.77682e+06 -102381)
(-188261 -5.81192e+06 -213906)
(-81998.5 -5.93214e+06 -259938)
(94572.6 -6.05461e+06 -275029)
(221319 -6.15647e+06 -267647)
(-181939 -5.77157e+06 706749)
(-243020 -5.69937e+06 218438)
(-264955 -5.69704e+06 -140086)
(-133274 -5.69961e+06 -292077)
(-58086.1 -5.82779e+06 -351983)
(72077.7 -5.99158e+06 -369702)
(162902 -6.12322e+06 -357823)
(-183106 -5.77284e+06 714588)
(-235062 -5.69886e+06 213783)
(-256303 -5.70076e+06 -152856)
(-120370 -5.70339e+06 -305898)
(-42892.1 -5.83516e+06 -365893)
(90767.6 -6.00009e+06 -383011)
(184285 -6.13173e+06 -370350)
(-184294 -5.77484e+06 719700)
(-230846 -5.69935e+06 211422)
(-251668 -5.70325e+06 -159194)
(-113546 -5.70596e+06 -312722)
(-34750 -5.83945e+06 -372549)
(100691 -6.00493e+06 -389215)
(195553 -6.13641e+06 -376206)
(-185621 -5.77748e+06 725151)
(-224505 -5.70012e+06 207769)
(-244832 -5.70696e+06 -168280)
(-103483 -5.70992e+06 -322675)
(-22867.3 -5.84592e+06 -382322)
(114992 -6.01206e+06 -398283)
(211809 -6.14335e+06 -384754)
(-149319 -5.76603e+06 862993)
(-138908 -5.65337e+06 252634)
(-193665 -5.6526e+06 -192230)
(-49675.7 -5.62508e+06 -394392)
(2916.05 -5.7327e+06 -438307)
(110601 -5.91309e+06 -458386)
(183568 -6.06644e+06 -441851)
(-151708 -5.76815e+06 866070)
(-126213 -5.65241e+06 244326)
(-181496 -5.65621e+06 -204512)
(-34495.7 -5.62919e+06 -409334)
(18950.4 -5.74129e+06 -453602)
(128664 -5.92395e+06 -472607)
(203618 -6.07638e+06 -455331)
(-153648 -5.77099e+06 868037)
(-119856 -5.6521e+06 239200)
(-175192 -5.65853e+06 -211096)
(-26507 -5.63208e+06 -417063)
(27601.4 -5.74651e+06 -461356)
(138235 -5.93031e+06 -479597)
(214019 -6.08205e+06 -461978)
(-155741 -5.77452e+06 869965)
(-110616 -5.65224e+06 231021)
(-165916 -5.66215e+06 -220774)
(-15140.4 -5.63645e+06 -427959)
(39980 -5.75448e+06 -472526)
(151959 -5.93981e+06 -489664)
(228939 -6.0905e+06 -471549)
(-128056 -5.77646e+06 979788)
(-56939.7 -5.65294e+06 295959)
(-86503.1 -5.61706e+06 -227068)
(25232 -5.59052e+06 -478040)
(69669.7 -5.6749e+06 -509939)
(151498 -5.86035e+06 -528146)
(211660 -6.02676e+06 -509617)
(-129734 -5.77963e+06 982196)
(-44592.4 -5.65544e+06 278369)
(-70808.8 -5.62001e+06 -241916)
(41279.6 -5.59349e+06 -491397)
(86897.3 -5.68297e+06 -525266)
(169566 -5.87193e+06 -542236)
(231098 -6.03687e+06 -522899)
(-130524 -5.78347e+06 983653)
(-38436.2 -5.6577e+06 268115)
(-62718.7 -5.62206e+06 -250228)
(50067.3 -5.59592e+06 -499689)
(96227.9 -5.68826e+06 -533222)
(179149 -5.87886e+06 -549387)
(241120 -6.04278e+06 -529660)
(-29861.4 -5.66118e+06 253064)
(-50614.7 -5.62545e+06 -262442)
(61568.1 -5.59928e+06 -509532)
(109331 -5.6963e+06 -544423)
(192803 -5.88924e+06 -559586)
(255422 -6.05158e+06 -539278)
(-81137.2 -5.7875e+06 1.0395e+06)
(978.554 -5.65391e+06 213800)
(184.563 -5.59008e+06 -291901)
(83287.6 -5.57327e+06 -541881)
(127793 -5.64471e+06 -570392)
(188334 -5.83051e+06 -579313)
(239465 -6.00088e+06 -562464)
(-70831 -5.79041e+06 1.03621e+06)
(11772.2 -5.65564e+06 191785)
(18703.8 -5.59165e+06 -310145)
(100451 -5.57514e+06 -552896)
(146121 -5.65193e+06 -584639)
(206703 -5.84227e+06 -592468)
(258494 -6.01065e+06 -575016)
(-63578.7 -5.7938e+06 1.03096e+06)
(17603.8 -5.65727e+06 180175)
(28244.3 -5.59332e+06 -320238)
(110153 -5.57702e+06 -561616)
(155853 -5.65681e+06 -592265)
(216350 -5.84939e+06 -599494)
(268241 -6.01648e+06 -581744)
(25507.2 -5.65909e+06 164529)
(41894.3 -5.59574e+06 -334425)
(122058 -5.57939e+06 -570904)
(169304 -5.66419e+06 -602793)
(229902 -5.86002e+06 -609406)
(282043 -6.02513e+06 -591230)
(12695.5 -5.79424e+06 1.04244e+06)
(55566.9 -5.69782e+06 266259)
(105439 -5.57328e+06 -327444)
(138475 -5.56127e+06 -578486)
(177584 -5.63072e+06 -612297)
(219731 -5.81843e+06 -615296)
(263644 -5.98799e+06 -601713)
(27968.8 -5.79551e+06 1.03089e+06)
(69975.1 -5.6965e+06 250101)
(123935 -5.57414e+06 -346329)
(157184 -5.56238e+06 -589369)
(196430 -5.63791e+06 -624984)
(238500 -5.83019e+06 -627203)
(282718 -5.99722e+06 -613567)
(36491.2 -5.79738e+06 1.01787e+06)
(77746.2 -5.69594e+06 240069)
(133559 -5.57545e+06 -356594)
(167486 -5.56397e+06 -597849)
(206253 -5.64272e+06 -631787)
(248013 -5.83726e+06 -633549)
(292201 -6.00281e+06 -619962)
(146572 -5.57753e+06 -370841)
(180041 -5.56627e+06 -607101)
(219905 -5.65013e+06 -641255)
(261405 -5.84786e+06 -642610)
(35692 -5.77071e+06 951704)
(62181.1 -5.63029e+06 141783)
(150389 -5.54874e+06 -403314)
(157840 -5.55398e+06 -618853)
(198931 -5.62853e+06 -660902)
(236925 -5.81957e+06 -663825)
(280674 -5.98567e+06 -657559)
(44965.9 -5.76705e+06 924834)
(74341.5 -5.6235e+06 115100)
(163448 -5.54805e+06 -423657)
(175258 -5.55422e+06 -630362)
(216733 -5.63497e+06 -670496)
(255512 -5.83036e+06 -672529)
(49882.5 -5.76391e+06 900617)
(81012.5 -5.62045e+06 100230)
(173316 -5.54797e+06 -435131)
(185076 -5.55503e+06 -638769)
(226778 -5.6395e+06 -677536)
(265335 -5.83706e+06 -679137)
(196879 -5.55615e+06 -648065)
(239134 -5.64565e+06 -685030)
(277870 -5.84615e+06 -686243)
(339017 -6.07964e+06 -104626)
(510539 -6.1151e+06 -98395.7)
(675063 -6.14519e+06 -88048.9)
(831251 -6.16736e+06 -78856)
(984056 -6.18247e+06 -71685.7)
(1.12874e+06 -6.18985e+06 -61790.2)
(1.25998e+06 -6.19039e+06 -47390.3)
(368271 -6.07702e+06 -107484)
(539623 -6.11279e+06 -99618.9)
(704652 -6.14296e+06 -88891.9)
(861583 -6.16511e+06 -79413.6)
(1.0147e+06 -6.18005e+06 -71711.4)
(1.15865e+06 -6.18719e+06 -60865.6)
(1.2874e+06 -6.18755e+06 -45886)
(385311 -6.07441e+06 -108786)
(559803 -6.11035e+06 -100259)
(727536 -6.14049e+06 -89301.3)
(886347 -6.16271e+06 -79570.2)
(1.04071e+06 -6.1776e+06 -71485.6)
(1.18471e+06 -6.18471e+06 -60025.7)
(1.312e+06 -6.18513e+06 -44675.8)
(406378 -6.07164e+06 -110346)
(582070 -6.10812e+06 -100929)
(751848 -6.1382e+06 -89712.5)
(912118 -6.16045e+06 -79678)
(1.0674e+06 -6.17529e+06 -71130.2)
(1.21104e+06 -6.18245e+06 -58977.9)
(1.33648e+06 -6.18296e+06 -43231.8)
(305802 -6.23517e+06 -246724)
(426152 -6.30001e+06 -240365)
(561402 -6.34836e+06 -234941)
(698764 -6.37465e+06 -232946)
(846115 -6.39189e+06 -228683)
(987613 -6.40186e+06 -217805)
(1.13259e+06 -6.40597e+06 -194275)
(332735 -6.23791e+06 -254697)
(458103 -6.30354e+06 -246688)
(598167 -6.35029e+06 -240611)
(739810 -6.37602e+06 -237673)
(891385 -6.39315e+06 -231513)
(1.03468e+06 -6.403e+06 -218123)
(1.18094e+06 -6.40669e+06 -190501)
(347354 -6.23928e+06 -258276)
(475206 -6.30522e+06 -249609)
(617702 -6.35131e+06 -243107)
(761552 -6.37701e+06 -239521)
(915209 -6.39421e+06 -232220)
(1.05916e+06 -6.40409e+06 -217356)
(1.20639e+06 -6.40759e+06 -187448)
(368282 -6.24129e+06 -263353)
(499690 -6.30767e+06 -253711)
(645638 -6.3526e+06 -246650)
(792428 -6.37825e+06 -242131)
(948732 -6.39555e+06 -233160)
(1.09352e+06 -6.40548e+06 -216041)
(1.2415e+06 -6.40871e+06 -182882)
(270820 -6.21655e+06 -353879)
(365005 -6.27794e+06 -351450)
(472065 -6.32425e+06 -355579)
(581292 -6.35927e+06 -360798)
(697854 -6.38743e+06 -358010)
(808423 -6.40986e+06 -345844)
(915345 -6.41564e+06 -320353)
(294271 -6.22435e+06 -365284)
(392082 -6.28607e+06 -362419)
(502883 -6.33234e+06 -365754)
(615790 -6.36703e+06 -369351)
(735428 -6.39458e+06 -363843)
(847934 -6.41367e+06 -348317)
(957295 -6.41733e+06 -317020)
(306852 -6.22858e+06 -370744)
(406581 -6.2904e+06 -367680)
(519400 -6.33659e+06 -370524)
(634204 -6.37108e+06 -373122)
(755278 -6.39816e+06 -366056)
(868719 -6.4164e+06 -348556)
(979186 -6.41877e+06 -313803)
(324927 -6.23485e+06 -378658)
(427287 -6.29685e+06 -375239)
(542928 -6.34292e+06 -377364)
(660309 -6.3771e+06 -378491)
(783410 -6.40353e+06 -369141)
(898039 -6.41989e+06 -348640)
(1.0099e+06 -6.42039e+06 -308701)
(268534 -6.16353e+06 -434818)
(342955 -6.2234e+06 -433161)
(423522 -6.2678e+06 -441172)
(504462 -6.30443e+06 -449839)
(590722 -6.33773e+06 -448103)
(672683 -6.36379e+06 -431915)
(748095 -6.37461e+06 -398109)
(289728 -6.17179e+06 -447646)
(366061 -6.23123e+06 -446129)
(448911 -6.27568e+06 -453639)
(532533 -6.31287e+06 -460390)
(621257 -6.34666e+06 -455275)
(704707 -6.37225e+06 -434881)
(781531 -6.37968e+06 -395627)
(300876 -6.17644e+06 -454141)
(378283 -6.23561e+06 -452715)
(462483 -6.2801e+06 -459914)
(547558 -6.31759e+06 -465521)
(637485 -6.35156e+06 -458499)
(721461 -6.3767e+06 -435737)
(798718 -6.38175e+06 -393452)
(316863 -6.1834e+06 -463497)
(395730 -6.24218e+06 -462123)
(481794 -6.28676e+06 -468783)
(568863 -6.3247e+06 -472662)
(660429 -6.35893e+06 -462839)
(745242 -6.3833e+06 -436662)
(278807 -6.12742e+06 -499830)
(340137 -6.18824e+06 -497493)
(401793 -6.23076e+06 -506354)
(461354 -6.26527e+06 -516706)
(524188 -6.29493e+06 -515321)
(585690 -6.31263e+06 -493113)
(640535 -6.30962e+06 -449485)
(298916 -6.1355e+06 -512708)
(360851 -6.19526e+06 -510908)
(423333 -6.23753e+06 -519760)
(484438 -6.27264e+06 -528244)
(549216 -6.30273e+06 -522862)
(612225 -6.31993e+06 -495326)
(667392 -6.31481e+06 -446916)
(309348 -6.14017e+06 -519428)
(371625 -6.19929e+06 -517925)
(434689 -6.24146e+06 -526728)
(496704 -6.27693e+06 -534085)
(562473 -6.30722e+06 -526444)
(625941 -6.32399e+06 -496104)
(324209 -6.14711e+06 -529026)
(386897 -6.20532e+06 -527908)
(450748 -6.24742e+06 -536528)
(514043 -6.28343e+06 -542161)
(581210 -6.31399e+06 -531214)
(645345 -6.33013e+06 -496875)
(294628 -6.10173e+06 -552816)
(347889 -6.16324e+06 -549177)
(399505 -6.20516e+06 -555409)
(445874 -6.23667e+06 -564790)
(493335 -6.26155e+06 -565175)
(542474 -6.26895e+06 -541800)
(314190 -6.10947e+06 -565094)
(367659 -6.16969e+06 -561926)
(419262 -6.21087e+06 -568565)
(465998 -6.24261e+06 -576702)
(515256 -6.2674e+06 -573392)
(566315 -6.27316e+06 -543892)
(324242 -6.11405e+06 -571794)
(377812 -6.17347e+06 -568899)
(429468 -6.21427e+06 -575734)
(476552 -6.24622e+06 -583077)
(526778 -6.27084e+06 -577589)
(578510 -6.27559e+06 -544737)
(338427 -6.12081e+06 -581237)
(392073 -6.17907e+06 -578721)
(443739 -6.21939e+06 -585740)
(491382 -6.25168e+06 -591833)
(542994 -6.27604e+06 -583104)
(595689 -6.27934e+06 -545597)
(310677 -6.08701e+06 -594068)
(357904 -6.14814e+06 -590153)
(404923 -6.19067e+06 -592376)
(446105 -6.22035e+06 -599087)
(484004 -6.24177e+06 -601296)
(525219 -6.24324e+06 -578594)
(330167 -6.09414e+06 -606053)
(377587 -6.15403e+06 -602356)
(424587 -6.1956e+06 -605002)
(464942 -6.22491e+06 -611252)
(503836 -6.24593e+06 -610741)
(547537 -6.24496e+06 -581126)
(339831 -6.09847e+06 -612490)
(387387 -6.15761e+06 -608915)
(434360 -6.19865e+06 -611815)
(474309 -6.22784e+06 -617724)
(513934 -6.24861e+06 -615445)
(558771 -6.24617e+06 -581894)
(305630 -6.01108e+06 -628999)
(353524 -6.10488e+06 -621580)
(401242 -6.16292e+06 -618196)
(448043 -6.20321e+06 -621406)
(487497 -6.23232e+06 -626761)
(528173 -6.25268e+06 -621597)
(574764 -6.2482e+06 -582575)
(324929 -6.08211e+06 -653849)
(369021 -6.1417e+06 -651407)
(413584 -6.18398e+06 -651677)
(454762 -6.21325e+06 -653715)
(490715 -6.2322e+06 -652228)
(527790 -6.22842e+06 -636962)
(299985 -5.99354e+06 -666652)
(344583 -6.08759e+06 -663154)
(388780 -6.14586e+06 -660751)
(433684 -6.18728e+06 -660998)
(474086 -6.21601e+06 -662637)
(510520 -6.23405e+06 -660278)
(549582 -6.22704e+06 -642122)
(309958 -5.99846e+06 -673731)
(354783 -6.09113e+06 -670467)
(399157 -6.14863e+06 -668127)
(444243 -6.18953e+06 -668289)
(484121 -6.218e+06 -669558)
(520779 -6.23542e+06 -666612)
(560324 -6.22649e+06 -644482)
(322511 -6.00485e+06 -681263)
(367394 -6.09561e+06 -678151)
(411891 -6.15208e+06 -675843)
(457054 -6.19235e+06 -675896)
(496295 -6.22061e+06 -676788)
(533755 -6.23727e+06 -673237)
(575631 -6.22575e+06 -647080)
(1.36386e+06 -6.18412e+06 -30639.7)
(1.44152e+06 -6.16813e+06 -14236.8)
(1.4779e+06 -6.1409e+06 -3721.19)
(1.49468e+06 -6.10527e+06 6615.36)
(1.46794e+06 -6.0596e+06 15128.6)
(1.43431e+06 -6.02809e+06 11883)
(1.38749e+06 -6.18093e+06 -29693.7)
(1.46099e+06 -6.16429e+06 -13306.1)
(1.49174e+06 -6.13563e+06 -2094.86)
(1.50404e+06 -6.09821e+06 8899.5)
(1.46816e+06 -6.05103e+06 18416.4)
(1.43367e+06 -6.01979e+06 12454.6)
(1.40935e+06 -6.17832e+06 -28350)
(1.47913e+06 -6.16105e+06 -11773.1)
(1.50422e+06 -6.13119e+06 -666.082)
(1.51239e+06 -6.09194e+06 9718.26)
(1.46775e+06 -6.04329e+06 19298.9)
(1.43529e+06 -6.01229e+06 10906.4)
(1.43077e+06 -6.17584e+06 -26901.7)
(1.49667e+06 -6.15763e+06 -10099.5)
(1.51609e+06 -6.12616e+06 858.772)
(1.5199e+06 -6.08473e+06 11144.1)
(1.46618e+06 -6.03503e+06 21644.6)
(1.43774e+06 -6.00438e+06 9610.22)
(1.52609e+06 -6.07779e+06 12301.7)
(1.46389e+06 -6.02684e+06 23436.3)
(1.44234e+06 -5.99604e+06 5680.21)
(1.25715e+06 -6.40498e+06 -158953)
(1.38622e+06 -6.39686e+06 -108531)
(1.43603e+06 -6.37731e+06 -59873.8)
(1.44948e+06 -6.30638e+06 -9262.52)
(1.41138e+06 -6.13718e+06 27730.6)
(1.37825e+06 -5.96922e+06 25458.9)
(1.30596e+06 -6.40488e+06 -150834)
(1.42012e+06 -6.39626e+06 -97644.2)
(1.45557e+06 -6.36574e+06 -47587.6)
(1.46019e+06 -6.26731e+06 4564.59)
(1.4077e+06 -6.07786e+06 33612.9)
(1.38109e+06 -5.93948e+06 23673.1)
(1.33053e+06 -6.4051e+06 -145831)
(1.44082e+06 -6.39577e+06 -90912.8)
(1.4664e+06 -6.3554e+06 -41563.6)
(1.46425e+06 -6.24308e+06 11165.9)
(1.4051e+06 -6.04939e+06 36268)
(1.38775e+06 -5.92732e+06 20848.6)
(1.36366e+06 -6.40573e+06 -138724)
(1.4618e+06 -6.39565e+06 -82515.3)
(1.47745e+06 -6.33811e+06 -32184.8)
(1.46847e+06 -6.20634e+06 20794.3)
(1.4024e+06 -6.01166e+06 39628.6)
(1.39627e+06 -5.91083e+06 15470.3)
(1.40154e+06 -5.98282e+06 41839)
(1.40742e+06 -5.89934e+06 7956.5)
(1.01422e+06 -6.40503e+06 -273423)
(1.09996e+06 -6.35161e+06 -189020)
(1.15507e+06 -6.21498e+06 -91495.1)
(1.19559e+06 -6.08136e+06 -9765.65)
(1.22048e+06 -6.02658e+06 21744.2)
(1.27819e+06 -5.86666e+06 1510.92)
(1.05727e+06 -6.40343e+06 -259982)
(1.1404e+06 -6.33109e+06 -165064)
(1.18737e+06 -6.17708e+06 -67216.3)
(1.2206e+06 -6.05582e+06 3462.92)
(1.24713e+06 -6.00299e+06 24439)
(1.29959e+06 -5.83329e+06 -5446.91)
(1.07883e+06 -6.40131e+06 -251617)
(1.15825e+06 -6.31678e+06 -152260)
(1.20101e+06 -6.15674e+06 -56225)
(1.23293e+06 -6.04275e+06 10079.2)
(1.26165e+06 -5.99142e+06 27153.8)
(1.3123e+06 -5.81483e+06 -11054.4)
(1.10883e+06 -6.39795e+06 -238860)
(1.18423e+06 -6.29425e+06 -132777)
(1.22076e+06 -6.1276e+06 -40560.4)
(1.2501e+06 -6.02543e+06 17277.7)
(1.28097e+06 -5.97714e+06 29577.1)
(1.32907e+06 -5.78453e+06 -21317.4)
(1.34412e+06 -5.75646e+06 -33007.6)
(809233 -6.34766e+06 -348913)
(865952 -6.27227e+06 -278536)
(934010 -6.15643e+06 -187792)
(1.01011e+06 -6.06225e+06 -115906)
(1.09419e+06 -6.00197e+06 -69700.2)
(1.20163e+06 -5.73123e+06 -89778.5)
(843826 -6.34384e+06 -339976)
(904659 -6.25581e+06 -260925)
(976785 -6.1334e+06 -166103)
(1.05308e+06 -6.04528e+06 -100242)
(1.14329e+06 -5.98322e+06 -60491.8)
(1.23155e+06 -5.67207e+06 -93856.9)
(861130 -6.34017e+06 -334215)
(923738 -6.24509e+06 -250336)
(997968 -6.12072e+06 -154503)
(1.07554e+06 -6.03649e+06 -92736.3)
(1.16877e+06 -5.96878e+06 -56855.5)
(1.24705e+06 -5.63432e+06 -98015.3)
(823169 -6.38465e+06 -389906)
(886293 -6.33428e+06 -325149)
(952312 -6.22857e+06 -234452)
(1.02878e+06 -6.10242e+06 -138876)
(1.10853e+06 -6.02288e+06 -82823.1)
(1.20063e+06 -5.94995e+06 -53266.9)
(1.26724e+06 -5.57622e+06 -104723)
(1.28461e+06 -5.52117e+06 -111865)
(681148 -6.27553e+06 -395271)
(717298 -6.21008e+06 -331370)
(761269 -6.10813e+06 -262345)
(829899 -5.97823e+06 -203634)
(896022 -5.87895e+06 -172683)
(997517 -5.46746e+06 -202136)
(708942 -6.2765e+06 -388968)
(748595 -6.2052e+06 -320309)
(798654 -6.0952e+06 -247968)
(872015 -5.96195e+06 -192065)
(941984 -5.84713e+06 -166040)
(1.03115e+06 -5.40742e+06 -206049)
(681063 -6.31745e+06 -445324)
(722961 -6.27639e+06 -385282)
(764375 -6.20142e+06 -313762)
(817944 -6.08669e+06 -240063)
(893973 -5.95158e+06 -186505)
(964657 -5.82606e+06 -163883)
(1.05027e+06 -5.37267e+06 -208955)
(700577 -6.32138e+06 -442683)
(743249 -6.27606e+06 -379514)
(787941 -6.19537e+06 -303896)
(847036 -6.0733e+06 -228903)
(926615 -5.93493e+06 -179046)
(997748 -5.79319e+06 -161455)
(1.07666e+06 -5.31949e+06 -213630)
(588500 -6.24845e+06 -490080)
(620836 -6.19203e+06 -427561)
(646636 -6.10113e+06 -366775)
(673605 -5.97351e+06 -316823)
(714762 -5.80421e+06 -276704)
(756525 -5.65266e+06 -261867)
(822366 -5.23116e+06 -288743)
(612545 -6.24977e+06 -487115)
(645114 -6.18914e+06 -422307)
(672745 -6.09353e+06 -360481)
(703068 -5.9594e+06 -309932)
(748502 -5.78532e+06 -271296)
(792572 -5.62294e+06 -260398)
(851034 -5.18687e+06 -293092)
(624627 -6.25048e+06 -485582)
(657040 -6.18731e+06 -419796)
(685662 -6.08889e+06 -357418)
(718038 -5.95094e+06 -306653)
(766104 -5.7741e+06 -269307)
(810885 -5.60511e+06 -260850)
(868447 -5.16115e+06 -295763)
(641714 -6.2516e+06 -483210)
(674260 -6.18457e+06 -415964)
(704798 -6.08179e+06 -352709)
(740790 -5.93766e+06 -301806)
(792654 -5.75637e+06 -266612)
(837930 -5.5774e+06 -261831)
(892369 -5.12244e+06 -299849)
(567687 -6.21098e+06 -521809)
(600537 -6.1381e+06 -452580)
(627564 -6.02738e+06 -388938)
(653319 -5.87818e+06 -343252)
(679454 -5.6715e+06 -309008)
(705507 -5.47392e+06 -301735)
(733770 -5.07024e+06 -335568)
(591279 -6.2088e+06 -518396)
(624828 -6.13102e+06 -447168)
(653403 -6.015e+06 -383920)
(680770 -5.85848e+06 -339053)
(708871 -5.64382e+06 -306130)
(734856 -5.43866e+06 -302565)
(757675 -5.0351e+06 -340482)
(602955 -6.20778e+06 -516411)
(636491 -6.12726e+06 -444484)
(665817 -6.00827e+06 -381601)
(694057 -5.84758e+06 -337253)
(723560 -5.62859e+06 -305447)
(749598 -5.41968e+06 -304075)
(774005 -5.01009e+06 -343957)
(619493 -6.20646e+06 -513402)
(653418 -6.12175e+06 -440574)
(684175 -5.99813e+06 -378166)
(714159 -5.83066e+06 -334632)
(745767 -5.60481e+06 -304684)
(771762 -5.38957e+06 -306771)
(793481 -4.98024e+06 -348697)
(566086 -6.1884e+06 -580969)
(597696 -6.10583e+06 -508471)
(623650 -5.98362e+06 -445714)
(648031 -5.82249e+06 -402880)
(664170 -5.59982e+06 -371237)
(681592 -5.38679e+06 -361171)
(683338 -4.99366e+06 -375533)
(589774 -6.1823e+06 -579793)
(622405 -6.09405e+06 -505777)
(649972 -5.9659e+06 -444483)
(675382 -5.79704e+06 -403164)
(692009 -5.56542e+06 -372421)
(708486 -5.34547e+06 -364593)
(701645 -4.96354e+06 -379351)
(601047 -6.17919e+06 -578765)
(634002 -6.08786e+06 -504432)
(662320 -5.95648e+06 -444105)
(688183 -5.78337e+06 -403556)
(705533 -5.54695e+06 -373397)
(721920 -5.32414e+06 -366802)
(716702 -4.9378e+06 -382777)
(617389 -6.17447e+06 -577224)
(651078 -6.07832e+06 -502548)
(680780 -5.94176e+06 -443643)
(707648 -5.7616e+06 -404245)
(726051 -5.51745e+06 -375110)
(742007 -5.28966e+06 -370523)
(734266 -4.90899e+06 -386752)
(-267411 -5.80897e+06 220264)
(-421762 -5.80066e+06 55020.4)
(-460769 -5.82502e+06 -34093.6)
(-289772 -5.85186e+06 -76629.4)
(-165428 -5.92903e+06 -98326.6)
(59617.7 -5.98212e+06 -109047)
(225266 -6.03239e+06 -111765)
(-270665 -5.81138e+06 222359)
(-425322 -5.80027e+06 53472.6)
(-461071 -5.82457e+06 -36502.3)
(-284415 -5.84958e+06 -78500.8)
(-155385 -5.9275e+06 -100483)
(73208.1 -5.97933e+06 -111065)
(243344 -6.02982e+06 -113877)
(-273414 -5.81446e+06 224426)
(-428652 -5.80046e+06 52162.1)
(-461195 -5.82461e+06 -38636.6)
(-279678 -5.84831e+06 -79934.5)
(-145984 -5.92691e+06 -102059)
(86201.6 -5.97756e+06 -112527)
(260741 -6.02807e+06 -115491)
(-275591 -5.81749e+06 226926)
(-432875 -5.8017e+06 51934.2)
(-463230 -5.82532e+06 -39869.3)
(-277439 -5.84783e+06 -80753)
(-139370 -5.92755e+06 -102862)
(96813.1 -5.97753e+06 -113222)
(275484 -6.02737e+06 -116431)
(-220960 -5.78767e+06 458218)
(-316273 -5.73324e+06 153678)
(-336245 -5.77834e+06 -108277)
(-181065 -5.8126e+06 -220022)
(-72095 -5.93332e+06 -265798)
(107856 -6.05563e+06 -280478)
(237350 -6.15804e+06 -272836)
(-221765 -5.79145e+06 463751)
(-314872 -5.73223e+06 152316)
(-333409 -5.78022e+06 -114645)
(-172537 -5.81383e+06 -226571)
(-60669.8 -5.93494e+06 -271913)
(122732 -6.05698e+06 -286005)
(255093 -6.15997e+06 -278003)
(-221836 -5.79597e+06 469304)
(-313067 -5.73203e+06 151286)
(-331025 -5.78245e+06 -120295)
(-164619 -5.81622e+06 -232098)
(-49792.9 -5.93762e+06 -276833)
(136926 -6.05966e+06 -290302)
(272038 -6.16293e+06 -282080)
(-221606 -5.7993e+06 475096)
(-312368 -5.73225e+06 151218)
(-331091 -5.78447e+06 -124287)
(-159817 -5.81911e+06 -235914)
(-41847.9 -5.941e+06 -279941)
(148471 -6.0636e+06 -292833)
(286220 -6.16667e+06 -284568)
(-187114 -5.78081e+06 730200)
(-218898 -5.7012e+06 204469)
(-238737 -5.71032e+06 -175958)
(-94549.7 -5.71352e+06 -331105)
(-12291.3 -5.85142e+06 -390535)
(127602 -6.01798e+06 -405810)
(226065 -6.14908e+06 -391847)
(-188512 -5.78492e+06 735028)
(-211865 -5.70287e+06 200217)
(-231560 -5.71426e+06 -184496)
(-84110.8 -5.71793e+06 -340302)
(-114.033 -5.85775e+06 -399357)
(141647 -6.02458e+06 -413668)
(241716 -6.15542e+06 -399214)
(-189667 -5.78968e+06 739425)
(-205233 -5.70521e+06 195946)
(-224905 -5.71864e+06 -192419)
(-74261.3 -5.7235e+06 -348470)
(11597.7 -5.86516e+06 -407001)
(155042 -6.03251e+06 -420321)
(256557 -6.16284e+06 -405486)
(-191174 -5.79427e+06 743217)
(-200877 -5.70778e+06 192440)
(-220985 -5.72278e+06 -198974)
(-67544.2 -5.72933e+06 -354491)
(20334.8 -5.87299e+06 -412400)
(165905 -6.04138e+06 -424861)
(-157711 -5.77885e+06 871533)
(-102772 -5.65279e+06 223104)
(-157888 -5.66544e+06 -229317)
(-5107.07 -5.64043e+06 -437398)
(50941.6 -5.76145e+06 -482128)
(164019 -5.94784e+06 -498166)
(241881 -6.09756e+06 -479645)
(-159535 -5.78411e+06 872779)
(-93645.3 -5.65387e+06 213290)
(-148325 -5.66952e+06 -239386)
(6438.11 -5.64526e+06 -447685)
(63413.6 -5.76951e+06 -492538)
(177391 -5.95679e+06 -507242)
(255884 -6.10533e+06 -488227)
(-160973 -5.7903e+06 873469)
(-85261.5 -5.6557e+06 203516)
(-139508 -5.67399e+06 -249132)
(17526.5 -5.65152e+06 -457228)
(75417.4 -5.7789e+06 -501997)
(190108 -5.96731e+06 -515372)
(-162003 -5.79623e+06 873281)
(-79604.2 -5.65899e+06 195441)
(-133815 -5.67853e+06 -257341)
(25667 -5.658e+06 -464732)
(84388.9 -5.78865e+06 -508998)
(200325 -5.97878e+06 -521326)
(-131046 -5.78797e+06 984780)
(-130752 -5.79326e+06 985327)
(-22472 -5.6647e+06 239327)
(-40079.2 -5.62874e+06 -273209)
(72695.5 -5.60272e+06 -519110)
(120900 -5.70349e+06 -554088)
(204793 -5.89812e+06 -568269)
(267763 -6.05898e+06 -547465)
(-128805 -5.79948e+06 985384)
(-14377.7 -5.66903e+06 224205)
(-27870.5 -5.63304e+06 -285442)
(84851.1 -5.6069e+06 -528967)
(133918 -5.71192e+06 -564522)
(217932 -5.90805e+06 -577605)
(-124346 -5.80656e+06 984763)
(-6770.67 -5.67432e+06 209605)
(-16534.1 -5.63783e+06 -297135)
(97305.2 -5.61309e+06 -538918)
(146625 -5.72216e+06 -574317)
(230509 -5.91989e+06 -586386)
(-119825 -5.8135e+06 982492)
(-1361.98 -5.67825e+06 196200)
(-8861.61 -5.64189e+06 -307145)
(106850 -5.61957e+06 -547610)
(156342 -5.73225e+06 -581980)
(240460 -5.93244e+06 -593137)
(-52575.9 -5.79736e+06 1.02436e+06)
(-41447.1 -5.8013e+06 1.01619e+06)
(32741.3 -5.66047e+06 150966)
(53701.4 -5.59807e+06 -347041)
(133913 -5.58178e+06 -580403)
(181034 -5.67086e+06 -611973)
(241732 -5.86917e+06 -618051)
(-28185.4 -5.80576e+06 1.00727e+06)
(41154.6 -5.662e+06 135284)
(66431.7 -5.60107e+06 -360807)
(146551 -5.5845e+06 -590192)
(194043 -5.67882e+06 -621907)
(254506 -5.87953e+06 -627419)
(-15110.2 -5.81126e+06 997736)
(49298.4 -5.66498e+06 119715)
(77991.8 -5.60529e+06 -374165)
(159307 -5.58916e+06 -600288)
(206884 -5.68933e+06 -631601)
(266781 -5.89226e+06 -636604)
(-4327.5 -5.81609e+06 985542)
(55497.9 -5.66863e+06 103588)
(86443.1 -5.60923e+06 -386090)
(169287 -5.59579e+06 -609739)
(216938 -5.69995e+06 -639488)
(276463 -5.90564e+06 -643835)
(46469.8 -5.79895e+06 1.00349e+06)
(88395.7 -5.69491e+06 225394)
(55930.9 -5.80058e+06 988103)
(97556.5 -5.69391e+06 211411)
(157894 -5.57994e+06 -383584)
(192350 -5.56898e+06 -616666)
(231875 -5.65704e+06 -649610)
(272974 -5.85724e+06 -650636)
(65322.1 -5.80227e+06 971877)
(107947 -5.69302e+06 194039)
(169965 -5.58338e+06 -397301)
(205365 -5.57264e+06 -626572)
(245086 -5.66548e+06 -658588)
(285272 -5.86804e+06 -659231)
(74944.2 -5.80429e+06 954715)
(117370 -5.69308e+06 176319)
(181277 -5.58821e+06 -410413)
(218466 -5.57853e+06 -636638)
(258295 -5.6769e+06 -667296)
(297170 -5.88178e+06 -667629)
(82165.4 -5.8062e+06 936604)
(125251 -5.69489e+06 159864)
(190845 -5.59249e+06 -421265)
(229147 -5.58531e+06 -644969)
(268705 -5.68813e+06 -673903)
(306530 -5.89562e+06 -673823)
(55434.7 -5.75995e+06 873919)
(90417.5 -5.61643e+06 78615.2)
(183784 -5.54809e+06 -449309)
(60108.9 -5.75547e+06 845640)
(98763.6 -5.61353e+06 59227.4)
(194004 -5.54835e+06 -463375)
(208469 -5.5575e+06 -657563)
(251131 -5.6518e+06 -692291)
(289558 -5.85451e+06 -693155)
(63767.7 -5.75056e+06 816104)
(108133 -5.61142e+06 37287.3)
(204392 -5.54906e+06 -477793)
(220694 -5.5594e+06 -667310)
(263709 -5.65882e+06 -699349)
(301412 -5.8636e+06 -699926)
(65750.8 -5.74579e+06 787105)
(117049 -5.61089e+06 16294.9)
(214884 -5.55222e+06 -491847)
(233062 -5.56376e+06 -677090)
(276826 -5.66957e+06 -706019)
(313068 -5.87629e+06 -706367)
(67123.8 -5.74142e+06 763675)
(124809 -5.61062e+06 -735.991)
(223904 -5.55797e+06 -503353)
(242851 -5.57079e+06 -685808)
(287005 -5.68245e+06 -711548)
(322193 -5.89108e+06 -711727)
(427041 -6.06849e+06 -111800)
(604478 -6.10561e+06 -101550)
(776349 -6.1358e+06 -90047.4)
(937995 -6.15823e+06 -79681)
(1.09399e+06 -6.17316e+06 -70649.9)
(1.23702e+06 -6.18062e+06 -57817.9)
(1.36042e+06 -6.18137e+06 -41671.2)
(448427 -6.06536e+06 -113080)
(627336 -6.10316e+06 -102025)
(801165 -6.13353e+06 -90248.6)
(964009 -6.15619e+06 -79553.3)
(1.12046e+06 -6.1713e+06 -70060.1)
(1.26256e+06 -6.17917e+06 -56606.8)
(1.38367e+06 -6.18024e+06 -40113.2)
(469885 -6.06286e+06 -114058)
(650355 -6.10117e+06 -102233)
(826176 -6.13156e+06 -90214.3)
(990115 -6.15422e+06 -79195.8)
(1.14677e+06 -6.16923e+06 -69268)
(1.28758e+06 -6.17721e+06 -55235.5)
(488951 -6.0622e+06 -114454)
(672159 -6.10043e+06 -102057)
(850766 -6.13046e+06 -89975.7)
(1.01624e+06 -6.15262e+06 -78707.8)
(1.1734e+06 -6.16707e+06 -68375.4)
(1.31276e+06 -6.17437e+06 -53794.1)
(386807 -6.24277e+06 -267535)
(521232 -6.30954e+06 -257018)
(670175 -6.35371e+06 -249407)
(819488 -6.37951e+06 -244006)
(977993 -6.39716e+06 -233463)
(1.12334e+06 -6.40726e+06 -214221)
(1.27203e+06 -6.41041e+06 -178222)
(407346 -6.24452e+06 -271688)
(544830 -6.31152e+06 -260241)
(696949 -6.35481e+06 -252050)
(848648 -6.3808e+06 -245698)
(1.00895e+06 -6.3989e+06 -233485)
(1.15447e+06 -6.40919e+06 -212019)
(426993 -6.24726e+06 -274969)
(567336 -6.31411e+06 -262652)
(722497 -6.35633e+06 -253921)
(876428 -6.3822e+06 -246668)
(1.03835e+06 -6.40027e+06 -232891)
(1.18379e+06 -6.41034e+06 -209419)
(443859 -6.25122e+06 -276906)
(586925 -6.3177e+06 -264001)
(744885 -6.35908e+06 -254972)
(900827 -6.38452e+06 -247017)
(1.06402e+06 -6.40205e+06 -231856)
(1.20892e+06 -6.41096e+06 -206698)
(340860 -6.23998e+06 -385267)
(445521 -6.30219e+06 -381525)
(563649 -6.34821e+06 -382959)
(683264 -6.38219e+06 -382701)
(807989 -6.40814e+06 -371213)
(923637 -6.42335e+06 -347810)
(358389 -6.24565e+06 -392159)
(465352 -6.30802e+06 -387997)
(586016 -6.35385e+06 -388629)
(707703 -6.38745e+06 -386808)
(833701 -6.41274e+06 -372989)
(949903 -6.4265e+06 -346432)
(375136 -6.25244e+06 -398127)
(484331 -6.31466e+06 -393561)
(607448 -6.35993e+06 -393379)
(731063 -6.39264e+06 -390033)
(858047 -6.41655e+06 -374000)
(974502 -6.42844e+06 -344472)
(268830 -6.17081e+06 -409759)
(389368 -6.26019e+06 -402288)
(500849 -6.32201e+06 -397522)
(626296 -6.36658e+06 -396746)
(751760 -6.39827e+06 -392225)
(879529 -6.42042e+06 -374358)
(995747 -6.42974e+06 -342450)
(330793 -6.18913e+06 -471501)
(410986 -6.24768e+06 -470180)
(498767 -6.29245e+06 -476299)
(587618 -6.33093e+06 -478524)
(680544 -6.3655e+06 -466116)
(765906 -6.38925e+06 -436729)
(345973 -6.19549e+06 -480109)
(427514 -6.25375e+06 -478775)
(517009 -6.29862e+06 -484156)
(607471 -6.33752e+06 -484397)
(701332 -6.37229e+06 -469066)
(786846 -6.39523e+06 -436147)
(268981 -6.11445e+06 -496014)
(360332 -6.20322e+06 -488059)
(443310 -6.26099e+06 -486721)
(534545 -6.30566e+06 -491319)
(626513 -6.34445e+06 -489556)
(720997 -6.37864e+06 -471355)
(806182 -6.39982e+06 -434920)
(279691 -6.12416e+06 -501688)
(372422 -6.21193e+06 -493966)
(456999 -6.26907e+06 -492750)
(549988 -6.31347e+06 -496804)
(643491 -6.35206e+06 -493519)
(738424 -6.38516e+06 -473123)
(822879 -6.40404e+06 -433954)
(337020 -6.15287e+06 -537318)
(400073 -6.21038e+06 -536569)
(464720 -6.25256e+06 -544956)
(529228 -6.28918e+06 -548928)
(597586 -6.32014e+06 -534947)
(662098 -6.33586e+06 -497081)
(281008 -6.06726e+06 -556251)
(350796 -6.15939e+06 -546340)
(414205 -6.21612e+06 -545974)
(479634 -6.25829e+06 -553940)
(545218 -6.29538e+06 -555873)
(614433 -6.32659e+06 -538444)
(678871 -6.34172e+06 -496779)
(293230 -6.07714e+06 -564499)
(363649 -6.16751e+06 -554960)
(427574 -6.22329e+06 -555002)
(493930 -6.26521e+06 -562500)
(560583 -6.30229e+06 -562368)
(630402 -6.33304e+06 -541529)
(694373 -6.34674e+06 -496115)
(303165 -6.08752e+06 -570824)
(374309 -6.17642e+06 -561653)
(439018 -6.23123e+06 -562152)
(506414 -6.27282e+06 -569327)
(574196 -6.30987e+06 -567571)
(644492 -6.33984e+06 -544112)
(707759 -6.35172e+06 -495794)
(293897 -6.03244e+06 -599520)
(350579 -6.12648e+06 -589596)
(404258 -6.18378e+06 -587478)
(455969 -6.22385e+06 -594623)
(504262 -6.25658e+06 -599465)
(557135 -6.28079e+06 -587708)
(610475 -6.28296e+06 -546101)
(306579 -6.04084e+06 -608560)
(363614 -6.13314e+06 -598817)
(417245 -6.18935e+06 -597140)
(468914 -6.22905e+06 -604294)
(517815 -6.26207e+06 -607549)
(571697 -6.28587e+06 -592314)
(625218 -6.2867e+06 -546387)
(318224 -6.05121e+06 -617329)
(375620 -6.1417e+06 -607821)
(429371 -6.19667e+06 -606631)
(481182 -6.23578e+06 -613767)
(530806 -6.26864e+06 -615395)
(585561 -6.29136e+06 -596752)
(638901 -6.29006e+06 -546700)
(327674 -6.06222e+06 -624303)
(385518 -6.15103e+06 -615014)
(439611 -6.20479e+06 -614353)
(491804 -6.24326e+06 -621529)
(542288 -6.27588e+06 -621837)
(597782 -6.29729e+06 -600637)
(650726 -6.29365e+06 -547147)
(317137 -6.01837e+06 -637011)
(365252 -6.11056e+06 -629674)
(413103 -6.16768e+06 -626532)
(459700 -6.20745e+06 -630078)
(498799 -6.23666e+06 -634842)
(540649 -6.25674e+06 -626775)
(588553 -6.25048e+06 -582701)
(329233 -6.02694e+06 -645531)
(377607 -6.1175e+06 -638316)
(425549 -6.17356e+06 -635455)
(471744 -6.21261e+06 -639312)
(510408 -6.24178e+06 -643254)
(553243 -6.26113e+06 -631573)
(602338 -6.25294e+06 -582244)
(340419 -6.03804e+06 -653649)
(389090 -6.12684e+06 -646528)
(437250 -6.18164e+06 -643983)
(483109 -6.21965e+06 -648159)
(521496 -6.24843e+06 -651198)
(565341 -6.26611e+06 -635681)
(615217 -6.25511e+06 -581316)
(349415 -6.04939e+06 -659690)
(398410 -6.13646e+06 -652680)
(446928 -6.1901e+06 -650535)
(492717 -6.2272e+06 -655096)
(530991 -6.25542e+06 -657282)
(576022 -6.27179e+06 -638692)
(626534 -6.25709e+06 -580090)
(334299 -6.01069e+06 -688716)
(379347 -6.09976e+06 -685798)
(424031 -6.15533e+06 -683543)
(469133 -6.1951e+06 -683467)
(507663 -6.22332e+06 -684013)
(545817 -6.23921e+06 -679852)
(588894 -6.22535e+06 -648935)
(346093 -6.01724e+06 -696087)
(391236 -6.10465e+06 -693344)
(436078 -6.15927e+06 -691129)
(480944 -6.19847e+06 -690893)
(518705 -6.2265e+06 -691123)
(557668 -6.24125e+06 -686432)
(602100 -6.22493e+06 -650171)
(357096 -6.02702e+06 -703134)
(402433 -6.1127e+06 -700554)
(447574 -6.16618e+06 -698370)
(492181 -6.20445e+06 -697933)
(529250 -6.2318e+06 -697887)
(568926 -6.24447e+06 -692730)
(614297 -6.22478e+06 -650621)
(365919 -6.03922e+06 -709319)
(411539 -6.12308e+06 -706901)
(457092 -6.17539e+06 -704731)
(501645 -6.21258e+06 -703987)
(538307 -6.23886e+06 -703685)
(578799 -6.24919e+06 -698675)
(624941 -6.22534e+06 -650545)
(1.45147e+06 -6.17401e+06 -25163.9)
(1.51327e+06 -6.15477e+06 -8359.73)
(1.52682e+06 -6.12157e+06 1913.33)
(1.4713e+06 -6.17276e+06 -23571.8)
(1.52902e+06 -6.15265e+06 -7039.04)
(1.5366e+06 -6.11762e+06 2251.62)
(1.53153e+06 -6.07064e+06 13488.3)
(1.46181e+06 -6.01727e+06 25089.5)
(1.44865e+06 -5.98567e+06 1149.57)
(1.40603e+06 -6.1781e+06 -38497.3)
(1.48982e+06 -6.17002e+06 -22197.4)
(1.5434e+06 -6.14874e+06 -6451.04)
(1.5455e+06 -6.11241e+06 1469.73)
(1.53749e+06 -6.06163e+06 14334.6)
(1.46154e+06 -6.00627e+06 25813.4)
(1.45609e+06 -5.97586e+06 -5577.99)
(1.42827e+06 -6.17445e+06 -36850.6)
(1.50701e+06 -6.16454e+06 -20788.9)
(1.55583e+06 -6.14114e+06 -5871.78)
(1.55013e+06 -6.1008e+06 -93.0141)
(1.54291e+06 -6.0473e+06 15743.3)
(1.45571e+06 -5.9888e+06 25305.5)
(1.4712e+06 -5.96931e+06 -9265.01)
(1.39066e+06 -6.40711e+06 -132336)
(1.4797e+06 -6.39588e+06 -74061.5)
(1.48512e+06 -6.31929e+06 -24197.9)
(1.47004e+06 -6.17339e+06 28426.3)
(1.30266e+06 -6.41245e+06 -173428)
(1.41616e+06 -6.40956e+06 -126109)
(1.49555e+06 -6.39593e+06 -65706.9)
(1.49126e+06 -6.2933e+06 -15354.5)
(1.47153e+06 -6.13787e+06 35419.1)
(1.40356e+06 -5.95533e+06 44167.2)
(1.4221e+06 -5.88741e+06 -4717.88)
(1.33088e+06 -6.41301e+06 -168800)
(1.43772e+06 -6.40989e+06 -120695)
(1.50813e+06 -6.3919e+06 -58397)
(1.49469e+06 -6.25963e+06 -7446.67)
(1.47383e+06 -6.10211e+06 40959)
(1.40856e+06 -5.93062e+06 45349.3)
(1.43987e+06 -5.87854e+06 -22799.1)
(1.35417e+06 -6.41261e+06 -164603)
(1.45484e+06 -6.40836e+06 -115935)
(1.51599e+06 -6.38218e+06 -53280.6)
(1.49336e+06 -6.22165e+06 -1999.57)
(1.47596e+06 -6.0681e+06 46316.3)
(1.41087e+06 -5.90676e+06 44148)
(1.45774e+06 -5.87049e+06 -35580.8)
(1.03639e+06 -6.42242e+06 -302922)
(1.13372e+06 -6.39421e+06 -226400)
(1.20428e+06 -6.27268e+06 -115589)
(1.23655e+06 -6.10437e+06 -28054.5)
(1.26519e+06 -6.01302e+06 24060.3)
(1.29924e+06 -5.96627e+06 32494.6)
(1.06312e+06 -6.42491e+06 -296232)
(1.15818e+06 -6.38887e+06 -212815)
(1.22487e+06 -6.24718e+06 -96936.4)
(1.25258e+06 -6.08168e+06 -16233.5)
(1.28121e+06 -6.00196e+06 30130.3)
(1.31932e+06 -5.95589e+06 33493.2)
(1.36303e+06 -5.72008e+06 -51462.6)
(1.08732e+06 -6.42532e+06 -289256)
(1.17926e+06 -6.37815e+06 -199539)
(1.24228e+06 -6.21862e+06 -79980.4)
(1.26733e+06 -6.05803e+06 -5633.58)
(1.29735e+06 -5.98998e+06 34881)
(1.33952e+06 -5.94238e+06 29509.9)
(1.38387e+06 -5.68324e+06 -73646.1)
(1.10723e+06 -6.42476e+06 -283050)
(1.19453e+06 -6.36443e+06 -188727)
(1.25408e+06 -6.18987e+06 -67230.8)
(1.27855e+06 -6.03541e+06 3074.39)
(1.31077e+06 -5.97523e+06 40578.6)
(1.35483e+06 -5.92908e+06 23699.6)
(1.40341e+06 -5.64292e+06 -91201.5)
(844051 -6.38703e+06 -385750)
(907355 -6.32849e+06 -315952)
(976652 -6.21405e+06 -219504)
(1.05567e+06 -6.08827e+06 -125558)
(1.13735e+06 -6.01326e+06 -75052.9)
(1.22884e+06 -5.93052e+06 -50962.5)
(865127 -6.38891e+06 -380486)
(929722 -6.32111e+06 -304743)
(1.00348e+06 -6.19723e+06 -202547)
(1.08385e+06 -6.07444e+06 -112755)
(1.16768e+06 -6.00441e+06 -68452.6)
(1.25728e+06 -5.90852e+06 -50380.5)
(1.30605e+06 -5.4558e+06 -121692)
(884004 -6.38784e+06 -374556)
(949499 -6.31011e+06 -292933)
(1.028e+06 -6.17718e+06 -185970)
(1.11003e+06 -6.05791e+06 -101452)
(1.19563e+06 -5.99207e+06 -63978.8)
(1.28419e+06 -5.87713e+06 -52815.3)
(1.3323e+06 -5.3885e+06 -133174)
(899522 -6.38607e+06 -369684)
(964756 -6.29695e+06 -283002)
(1.04766e+06 -6.15726e+06 -171712)
(1.13172e+06 -6.04045e+06 -91744.4)
(1.21799e+06 -5.97738e+06 -60346.4)
(1.30491e+06 -5.84192e+06 -55817)
(1.35626e+06 -5.32169e+06 -142535)
(717238 -6.32517e+06 -439849)
(760535 -6.27602e+06 -373711)
(808337 -6.1903e+06 -294572)
(872673 -6.06196e+06 -219280)
(954946 -5.92082e+06 -173319)
(1.02473e+06 -5.76338e+06 -160448)
(1.10001e+06 -5.27243e+06 -218084)
(733796 -6.32888e+06 -436247)
(778412 -6.27559e+06 -366631)
(830916 -6.184e+06 -283547)
(901107 -6.04928e+06 -209052)
(985599 -5.90604e+06 -167883)
(1.05536e+06 -5.72897e+06 -160017)
(1.12912e+06 -5.21882e+06 -223608)
(748735 -6.33048e+06 -432131)
(794459 -6.27198e+06 -358836)
(851402 -6.17343e+06 -272455)
(926979 -6.0323e+06 -199881)
(1.01321e+06 -5.88655e+06 -163664)
(1.08544e+06 -5.6871e+06 -160568)
(1.16405e+06 -5.16379e+06 -228879)
(761217 -6.33152e+06 -428963)
(807355 -6.26686e+06 -352264)
(868252 -6.16182e+06 -262476)
(948281 -6.01397e+06 -192436)
(1.03477e+06 -5.86521e+06 -160754)
(1.10835e+06 -5.6457e+06 -161671)
(1.19486e+06 -5.10917e+06 -232519)
(656186 -6.25304e+06 -481079)
(688865 -6.18273e+06 -412625)
(721271 -6.07629e+06 -348637)
(760741 -5.92689e+06 -297965)
(815782 -5.74197e+06 -265008)
(860638 -5.55368e+06 -263127)
(914295 -5.0883e+06 -303012)
(670438 -6.2544e+06 -478723)
(703464 -6.18066e+06 -408933)
(738816 -6.07015e+06 -344037)
(782705 -5.9152e+06 -293952)
(841083 -5.72715e+06 -263519)
(886407 -5.52806e+06 -264736)
(941697 -5.05034e+06 -306637)
(683284 -6.25428e+06 -476499)
(716559 -6.17616e+06 -405268)
(754666 -6.06052e+06 -339597)
(802821 -5.89953e+06 -290389)
(864621 -5.70814e+06 -262371)
(912769 -5.49659e+06 -266097)
(974949 -5.01016e+06 -309174)
(694080 -6.25402e+06 -475005)
(727225 -6.17097e+06 -402441)
(767656 -6.05008e+06 -335775)
(819097 -5.88251e+06 -287523)
(883022 -5.68766e+06 -261669)
(933179 -5.46496e+06 -266782)
(1.0027e+06 -4.96908e+06 -310375)
(633497 -6.20593e+06 -510608)
(667684 -6.11777e+06 -437285)
(699791 -5.99042e+06 -375390)
(731457 -5.81718e+06 -332777)
(765222 -5.58565e+06 -304735)
(790897 -5.36518e+06 -309530)
(813910 -4.95101e+06 -353109)
(647287 -6.20534e+06 -507438)
(681821 -6.11355e+06 -433746)
(715767 -5.98233e+06 -372401)
(749832 -5.80307e+06 -330955)
(786319 -5.56624e+06 -304959)
(812402 -5.34048e+06 -312605)
(838414 -4.92181e+06 -357816)
(659778 -6.20337e+06 -504176)
(694469 -6.10702e+06 -430201)
(730336 -5.9708e+06 -369385)
(767151 -5.7844e+06 -329215)
(806816 -5.54232e+06 -305280)
(835426 -5.31126e+06 -315557)
(868079 -4.89027e+06 -361617)
(670301 -6.20105e+06 -501319)
(704892 -6.09974e+06 -427025)
(742064 -5.95818e+06 -366500)
(780549 -5.76455e+06 -327468)
(822461 -5.5172e+06 -305410)
(853160 -5.28169e+06 -317820)
(893014 -4.85585e+06 -364329)
(631154 -6.17071e+06 -575575)
(665343 -6.07062e+06 -501036)
(696254 -5.9299e+06 -443473)
(724063 -5.74387e+06 -405073)
(743818 -5.49323e+06 -376933)
(759498 -5.26162e+06 -374007)
(752738 -4.88065e+06 -390710)
(644783 -6.16677e+06 -573536)
(679626 -6.06256e+06 -499434)
(712069 -5.91758e+06 -443323)
(741370 -5.72546e+06 -405998)
(763131 -5.46848e+06 -378891)
(778984 -5.23355e+06 -377601)
(774721 -4.85298e+06 -394608)
(657045 -6.16214e+06 -571205)
(692271 -6.05296e+06 -497811)
(726176 -5.90281e+06 -443107)
(757446 -5.70343e+06 -406834)
(781799 -5.44037e+06 -380673)
(800195 -5.20251e+06 -380981)
(801484 -4.82424e+06 -398187)
(667503 -6.15769e+06 -569180)
(702921 -6.04285e+06 -496461)
(737747 -5.88682e+06 -442863)
(770003 -5.67984e+06 -407388)
(796128 -5.41077e+06 -382014)
(816965 -5.17063e+06 -383718)
(824060 -4.7944e+06 -401202)
)
;