/*--------------------------------*- C++ -*----------------------------------*\
| =========                 |                                                 |
| \\      /  F ield         | OpenFOAM: The Open Source CFD Toolbox           |
|  \\    /   O peration     | Version:  2306                                  |
|   \\  /    A nd           | Website:  www.openfoam.com                      |
|    \\/     M anipulation  |                                                 |
\*---------------------------------------------------------------------------*/
FoamFile
{
    version     2.0;
    format      ascii;
    arch        "LSB;label=32;scalar=64";
    note        "nPoints:3146  nCells:2500  nFaces:8100  nInternalFaces:6900";
    class       labelList;
    location    "constant/polyMesh";
    object      neighbour;
}
// * * * * * * * * * * * * * * * * * * * * * * * * * * * * * * * * * * * * * //


6900
(
1
25
250
2
26
251
3
27
252
4
28
253
5
29
254
6
30
255
7
31
256
8
32
257
9
33
258
10
34
259
11
35
260
12
36
261
13
37
262
14
38
263
15
39
264
16
40
265
17
41
266
18
42
267
19
43
268
20
44
269
21
45
270
22
46
271
23
47
272
24
48
273
49
274
26
50
275
27
51
276
28
52
277
29
53
278
30
54
279
31
55
280
32
56
281
33
57
282
34
58
283
35
59
284
36
60
285
37
61
286
38
62
287
39
63
288
40
64
289
41
65
290
42
66
291
43
67
292
44
68
293
45
69
294
46
70
295
47
71
296
48
72
297
49
73
298
74
299
51
75
300
52
76
301
53
77
302
54
78
303
55
79
304
56
80
305
57
81
306
58
82
307
59
83
308
60
84
309
61
85
310
62
86
311
63
87
312
64
88
313
65
89
314
66
90
315
67
91
316
68
92
317
69
93
318
70
94
319
71
95
320
72
96
321
73
97
322
74
98
323
99
324
76
100
325
77
101
326
78
102
327
79
103
328
80
104
329
81
105
330
82
106
331
83
107
332
84
108
333
85
109
334
86
110
335
87
111
336
88
112
337
89
113
338
90
114
339
91
115
340
92
116
341
93
117
342
94
118
343
95
119
344
96
120
345
97
121
346
98
122
347
99
123
348
124
349
101
125
350
102
126
351
103
127
352
104
128
353
105
129
354
106
130
355
107
131
356
108
132
357
109
133
358
110
134
359
111
135
360
112
136
361
113
137
362
114
138
363
115
139
364
116
140
365
117
141
366
118
142
367
119
143
368
120
144
369
121
145
370
122
146
371
123
147
372
124
148
373
149
374
126
150
375
127
151
376
128
152
377
129
153
378
130
154
379
131
155
380
132
156
381
133
157
382
134
158
383
135
159
384
136
160
385
137
161
386
138
162
387
139
163
388
140
164
389
141
165
390
142
166
391
143
167
392
144
168
393
145
169
394
146
170
395
147
171
396
148
172
397
149
173
398
174
399
151
175
400
152
176
401
153
177
402
154
178
403
155
179
404
156
180
405
157
181
406
158
182
407
159
183
408
160
184
409
161
185
410
162
186
411
163
187
412
164
188
413
165
189
414
166
190
415
167
191
416
168
192
417
169
193
418
170
194
419
171
195
420
172
196
421
173
197
422
174
198
423
199
424
176
200
425
177
201
426
178
202
427
179
203
428
180
204
429
181
205
430
182
206
431
183
207
432
184
208
433
185
209
434
186
210
435
187
211
436
188
212
437
189
213
438
190
214
439
191
215
440
192
216
441
193
217
442
194
218
443
195
219
444
196
220
445
197
221
446
198
222
447
199
223
448
224
449
201
225
450
202
226
451
203
227
452
204
228
453
205
229
454
206
230
455
207
231
456
208
232
457
209
233
458
210
234
459
211
235
460
212
236
461
213
237
462
214
238
463
215
239
464
216
240
465
217
241
466
218
242
467
219
243
468
220
244
469
221
245
470
222
246
471
223
247
472
224
248
473
249
474
226
475
227
476
228
477
229
478
230
479
231
480
232
481
233
482
234
483
235
484
236
485
237
486
238
487
239
488
240
489
241
490
242
491
243
492
244
493
245
494
246
495
247
496
248
497
249
498
499
251
275
500
252
276
501
253
277
502
254
278
503
255
279
504
256
280
505
257
281
506
258
282
507
259
283
508
260
284
509
261
285
510
262
286
511
263
287
512
264
288
513
265
289
514
266
290
515
267
291
516
268
292
517
269
293
518
270
294
519
271
295
520
272
296
521
273
297
522
274
298
523
299
524
276
300
525
277
301
526
278
302
527
279
303
528
280
304
529
281
305
530
282
306
531
283
307
532
284
308
533
285
309
534
286
310
535
287
311
536
288
312
537
289
313
538
290
314
539
291
315
540
292
316
541
293
317
542
294
318
543
295
319
544
296
320
545
297
321
546
298
322
547
299
323
548
324
549
301
325
550
302
326
551
303
327
552
304
328
553
305
329
554
306
330
555
307
331
556
308
332
557
309
333
558
310
334
559
311
335
560
312
336
561
313
337
562
314
338
563
315
339
564
316
340
565
317
341
566
318
342
567
319
343
568
320
344
569
321
345
570
322
346
571
323
347
572
324
348
573
349
574
326
350
575
327
351
576
328
352
577
329
353
578
330
354
579
331
355
580
332
356
581
333
357
582
334
358
583
335
359
584
336
360
585
337
361
586
338
362
587
339
363
588
340
364
589
341
365
590
342
366
591
343
367
592
344
368
593
345
369
594
346
370
595
347
371
596
348
372
597
349
373
598
374
599
351
375
600
352
376
601
353
377
602
354
378
603
355
379
604
356
380
605
357
381
606
358
382
607
359
383
608
360
384
609
361
385
610
362
386
611
363
387
612
364
388
613
365
389
614
366
390
615
367
391
616
368
392
617
369
393
618
370
394
619
371
395
620
372
396
621
373
397
622
374
398
623
399
624
376
400
625
377
401
626
378
402
627
379
403
628
380
404
629
381
405
630
382
406
631
383
407
632
384
408
633
385
409
634
386
410
635
387
411
636
388
412
637
389
413
638
390
414
639
391
415
640
392
416
641
393
417
642
394
418
643
395
419
644
396
420
645
397
421
646
398
422
647
399
423
648
424
649
401
425
650
402
426
651
403
427
652
404
428
653
405
429
654
406
430
655
407
431
656
408
432
657
409
433
658
410
434
659
411
435
660
412
436
661
413
437
662
414
438
663
415
439
664
416
440
665
417
441
666
418
442
667
419
443
668
420
444
669
421
445
670
422
446
671
423
447
672
424
448
673
449
674
426
450
675
427
451
676
428
452
677
429
453
678
430
454
679
431
455
680
432
456
681
433
457
682
434
458
683
435
459
684
436
460
685
437
461
686
438
462
687
439
463
688
440
464
689
441
465
690
442
466
691
443
467
692
444
468
693
445
469
694
446
470
695
447
471
696
448
472
697
449
473
698
474
699
451
475
700
452
476
701
453
477
702
454
478
703
455
479
704
456
480
705
457
481
706
458
482
707
459
483
708
460
484
709
461
485
710
462
486
711
463
487
712
464
488
713
465
489
714
466
490
715
467
491
716
468
492
717
469
493
718
470
494
719
471
495
720
472
496
721
473
497
722
474
498
723
499
724
476
725
477
726
478
727
479
728
480
729
481
730
482
731
483
732
484
733
485
734
486
735
487
736
488
737
489
738
490
739
491
740
492
741
493
742
494
743
495
744
496
745
497
746
498
747
499
748
749
501
525
750
502
526
751
503
527
752
504
528
753
505
529
754
506
530
755
507
531
756
508
532
757
509
533
758
510
534
759
511
535
760
512
536
761
513
537
762
514
538
763
515
539
764
516
540
765
517
541
766
518
542
767
519
543
768
520
544
769
521
545
770
522
546
771
523
547
772
524
548
773
549
774
526
550
775
527
551
776
528
552
777
529
553
778
530
554
779
531
555
780
532
556
781
533
557
782
534
558
783
535
559
784
536
560
785
537
561
786
538
562
787
539
563
788
540
564
789
541
565
790
542
566
791
543
567
792
544
568
793
545
569
794
546
570
795
547
571
796
548
572
797
549
573
798
574
799
551
575
800
552
576
801
553
577
802
554
578
803
555
579
804
556
580
805
557
581
806
558
582
807
559
583
808
560
584
809
561
585
810
562
586
811
563
587
812
564
588
813
565
589
814
566
590
815
567
591
816
568
592
817
569
593
818
570
594
819
571
595
820
572
596
821
573
597
822
574
598
823
599
824
576
600
825
577
601
826
578
602
827
579
603
828
580
604
829
581
605
830
582
606
831
583
607
832
584
608
833
585
609
834
586
610
835
587
611
836
588
612
837
589
613
838
590
614
839
591
615
840
592
616
841
593
617
842
594
618
843
595
619
844
596
620
845
597
621
846
598
622
847
599
623
848
624
849
601
625
850
602
626
851
603
627
852
604
628
853
605
629
854
606
630
855
607
631
856
608
632
857
609
633
858
610
634
859
611
635
860
612
636
861
613
637
862
614
638
863
615
639
864
616
640
865
617
641
866
618
642
867
619
643
868
620
644
869
621
645
870
622
646
871
623
647
872
624
648
873
649
874
626
650
875
627
651
876
628
652
877
629
653
878
630
654
879
631
655
880
632
656
881
633
657
882
634
658
883
635
659
884
636
660
885
637
661
886
638
662
887
639
663
888
640
664
889
641
665
890
642
666
891
643
667
892
644
668
893
645
669
894
646
670
895
647
671
896
648
672
897
649
673
898
674
899
651
675
900
652
676
901
653
677
902
654
678
903
655
679
904
656
680
905
657
681
906
658
682
907
659
683
908
660
684
909
661
685
910
662
686
911
663
687
912
664
688
913
665
689
914
666
690
915
667
691
916
668
692
917
669
693
918
670
694
919
671
695
920
672
696
921
673
697
922
674
698
923
699
924
676
700
925
677
701
926
678
702
927
679
703
928
680
704
929
681
705
930
682
706
931
683
707
932
684
708
933
685
709
934
686
710
935
687
711
936
688
712
937
689
713
938
690
714
939
691
715
940
692
716
941
693
717
942
694
718
943
695
719
944
696
720
945
697
721
946
698
722
947
699
723
948
724
949
701
725
950
702
726
951
703
727
952
704
728
953
705
729
954
706
730
955
707
731
956
708
732
957
709
733
958
710
734
959
711
735
960
712
736
961
713
737
962
714
738
963
715
739
964
716
740
965
717
741
966
718
742
967
719
743
968
720
744
969
721
745
970
722
746
971
723
747
972
724
748
973
749
974
726
975
727
976
728
977
729
978
730
979
731
980
732
981
733
982
734
983
735
984
736
985
737
986
738
987
739
988
740
989
741
990
742
991
743
992
744
993
745
994
746
995
747
996
748
997
749
998
999
751
775
1000
752
776
1001
753
777
1002
754
778
1003
755
779
1004
756
780
1005
757
781
1006
758
782
1007
759
783
1008
760
784
1009
761
785
1010
762
786
1011
763
787
1012
764
788
1013
765
789
1014
766
790
1015
767
791
1016
768
792
1017
769
793
1018
770
794
1019
771
795
1020
772
796
1021
773
797
1022
774
798
1023
799
1024
776
800
1025
777
801
1026
778
802
1027
779
803
1028
780
804
1029
781
805
1030
782
806
1031
783
807
1032
784
808
1033
785
809
1034
786
810
1035
787
811
1036
788
812
1037
789
813
1038
790
814
1039
791
815
1040
792
816
1041
793
817
1042
794
818
1043
795
819
1044
796
820
1045
797
821
1046
798
822
1047
799
823
1048
824
1049
801
825
1050
802
826
1051
803
827
1052
804
828
1053
805
829
1054
806
830
1055
807
831
1056
808
832
1057
809
833
1058
810
834
1059
811
835
1060
812
836
1061
813
837
1062
814
838
1063
815
839
1064
816
840
1065
817
841
1066
818
842
1067
819
843
1068
820
844
1069
821
845
1070
822
846
1071
823
847
1072
824
848
1073
849
1074
826
850
1075
827
851
1076
828
852
1077
829
853
1078
830
854
1079
831
855
1080
832
856
1081
833
857
1082
834
858
1083
835
859
1084
836
860
1085
837
861
1086
838
862
1087
839
863
1088
840
864
1089
841
865
1090
842
866
1091
843
867
1092
844
868
1093
845
869
1094
846
870
1095
847
871
1096
848
872
1097
849
873
1098
874
1099
851
875
1100
852
876
1101
853
877
1102
854
878
1103
855
879
1104
856
880
1105
857
881
1106
858
882
1107
859
883
1108
860
884
1109
861
885
1110
862
886
1111
863
887
1112
864
888
1113
865
889
1114
866
890
1115
867
891
1116
868
892
1117
869
893
1118
870
894
1119
871
895
1120
872
896
1121
873
897
1122
874
898
1123
899
1124
876
900
1125
877
901
1126
878
902
1127
879
903
1128
880
904
1129
881
905
1130
882
906
1131
883
907
1132
884
908
1133
885
909
1134
886
910
1135
887
911
1136
888
912
1137
889
913
1138
890
914
1139
891
915
1140
892
916
1141
893
917
1142
894
918
1143
895
919
1144
896
920
1145
897
921
1146
898
922
1147
899
923
1148
924
1149
901
925
1150
902
926
1151
903
927
1152
904
928
1153
905
929
1154
906
930
1155
907
931
1156
908
932
1157
909
933
1158
910
934
1159
911
935
1160
912
936
1161
913
937
1162
914
938
1163
915
939
1164
916
940
1165
917
941
1166
918
942
1167
919
943
1168
920
944
1169
921
945
1170
922
946
1171
923
947
1172
924
948
1173
949
1174
926
950
1175
927
951
1176
928
952
1177
929
953
1178
930
954
1179
931
955
1180
932
956
1181
933
957
1182
934
958
1183
935
959
1184
936
960
1185
937
961
1186
938
962
1187
939
963
1188
940
964
1189
941
965
1190
942
966
1191
943
967
1192
944
968
1193
945
969
1194
946
970
1195
947
971
1196
948
972
1197
949
973
1198
974
1199
951
975
1200
952
976
1201
953
977
1202
954
978
1203
955
979
1204
956
980
1205
957
981
1206
958
982
1207
959
983
1208
960
984
1209
961
985
1210
962
986
1211
963
987
1212
964
988
1213
965
989
1214
966
990
1215
967
991
1216
968
992
1217
969
993
1218
970
994
1219
971
995
1220
972
996
1221
973
997
1222
974
998
1223
999
1224
976
1225
977
1226
978
1227
979
1228
980
1229
981
1230
982
1231
983
1232
984
1233
985
1234
986
1235
987
1236
988
1237
989
1238
990
1239
991
1240
992
1241
993
1242
994
1243
995
1244
996
1245
997
1246
998
1247
999
1248
1249
1001
1025
1250
1002
1026
1251
1003
1027
1252
1004
1028
1253
1005
1029
1254
1006
1030
1255
1007
1031
1256
1008
1032
1257
1009
1033
1258
1010
1034
1259
1011
1035
1260
1012
1036
1261
1013
1037
1262
1014
1038
1263
1015
1039
1264
1016
1040
1265
1017
1041
1266
1018
1042
1267
1019
1043
1268
1020
1044
1269
1021
1045
1270
1022
1046
1271
1023
1047
1272
1024
1048
1273
1049
1274
1026
1050
1275
1027
1051
1276
1028
1052
1277
1029
1053
1278
1030
1054
1279
1031
1055
1280
1032
1056
1281
1033
1057
1282
1034
1058
1283
1035
1059
1284
1036
1060
1285
1037
1061
1286
1038
1062
1287
1039
1063
1288
1040
1064
1289
1041
1065
1290
1042
1066
1291
1043
1067
1292
1044
1068
1293
1045
1069
1294
1046
1070
1295
1047
1071
1296
1048
1072
1297
1049
1073
1298
1074
1299
1051
1075
1300
1052
1076
1301
1053
1077
1302
1054
1078
1303
1055
1079
1304
1056
1080
1305
1057
1081
1306
1058
1082
1307
1059
1083
1308
1060
1084
1309
1061
1085
1310
1062
1086
1311
1063
1087
1312
1064
1088
1313
1065
1089
1314
1066
1090
1315
1067
1091
1316
1068
1092
1317
1069
1093
1318
1070
1094
1319
1071
1095
1320
1072
1096
1321
1073
1097
1322
1074
1098
1323
1099
1324
1076
1100
1325
1077
1101
1326
1078
1102
1327
1079
1103
1328
1080
1104
1329
1081
1105
1330
1082
1106
1331
1083
1107
1332
1084
1108
1333
1085
1109
1334
1086
1110
1335
1087
1111
1336
1088
1112
1337
1089
1113
1338
1090
1114
1339
1091
1115
1340
1092
1116
1341
1093
1117
1342
1094
1118
1343
1095
1119
1344
1096
1120
1345
1097
1121
1346
1098
1122
1347
1099
1123
1348
1124
1349
1101
1125
1350
1102
1126
1351
1103
1127
1352
1104
1128
1353
1105
1129
1354
1106
1130
1355
1107
1131
1356
1108
1132
1357
1109
1133
1358
1110
1134
1359
1111
1135
1360
1112
1136
1361
1113
1137
1362
1114
1138
1363
1115
1139
1364
1116
1140
1365
1117
1141
1366
1118
1142
1367
1119
1143
1368
1120
1144
1369
1121
1145
1370
1122
1146
1371
1123
1147
1372
1124
1148
1373
1149
1374
1126
1150
1375
1127
1151
1376
1128
1152
1377
1129
1153
1378
1130
1154
1379
1131
1155
1380
1132
1156
1381
1133
1157
1382
1134
1158
1383
1135
1159
1384
1136
1160
1385
1137
1161
1386
1138
1162
1387
1139
1163
1388
1140
1164
1389
1141
1165
1390
1142
1166
1391
1143
1167
1392
1144
1168
1393
1145
1169
1394
1146
1170
1395
1147
1171
1396
1148
1172
1397
1149
1173
1398
1174
1399
1151
1175
1400
1152
1176
1401
1153
1177
1402
1154
1178
1403
1155
1179
1404
1156
1180
1405
1157
1181
1406
1158
1182
1407
1159
1183
1408
1160
1184
1409
1161
1185
1410
1162
1186
1411
1163
1187
1412
1164
1188
1413
1165
1189
1414
1166
1190
1415
1167
1191
1416
1168
1192
1417
1169
1193
1418
1170
1194
1419
1171
1195
1420
1172
1196
1421
1173
1197
1422
1174
1198
1423
1199
1424
1176
1200
1425
1177
1201
1426
1178
1202
1427
1179
1203
1428
1180
1204
1429
1181
1205
1430
1182
1206
1431
1183
1207
1432
1184
1208
1433
1185
1209
1434
1186
1210
1435
1187
1211
1436
1188
1212
1437
1189
1213
1438
1190
1214
1439
1191
1215
1440
1192
1216
1441
1193
1217
1442
1194
1218
1443
1195
1219
1444
1196
1220
1445
1197
1221
1446
1198
1222
1447
1199
1223
1448
1224
1449
1201
1225
1450
1202
1226
1451
1203
1227
1452
1204
1228
1453
1205
1229
1454
1206
1230
1455
1207
1231
1456
1208
1232
1457
1209
1233
1458
1210
1234
1459
1211
1235
1460
1212
1236
1461
1213
1237
1462
1214
1238
1463
1215
1239
1464
1216
1240
1465
1217
1241
1466
1218
1242
1467
1219
1243
1468
1220
1244
1469
1221
1245
1470
1222
1246
1471
1223
1247
1472
1224
1248
1473
1249
1474
1226
1475
1227
1476
1228
1477
1229
1478
1230
1479
1231
1480
1232
1481
1233
1482
1234
1483
1235
1484
1236
1485
1237
1486
1238
1487
1239
1488
1240
1489
1241
1490
1242
1491
1243
1492
1244
1493
1245
1494
1246
1495
1247
1496
1248
1497
1249
1498
1499
1251
1275
1500
1252
1276
1501
1253
1277
1502
1254
1278
1503
1255
1279
1504
1256
1280
1505
1257
1281
1506
1258
1282
1507
1259
1283
1508
1260
1284
1509
1261
1285
1510
1262
1286
1511
1263
1287
1512
1264
1288
1513
1265
1289
1514
1266
1290
1515
1267
1291
1516
1268
1292
1517
1269
1293
1518
1270
1294
1519
1271
1295
1520
1272
1296
1521
1273
1297
1522
1274
1298
1523
1299
1524
1276
1300
1525
1277
1301
1526
1278
1302
1527
1279
1303
1528
1280
1304
1529
1281
1305
1530
1282
1306
1531
1283
1307
1532
1284
1308
1533
1285
1309
1534
1286
1310
1535
1287
1311
1536
1288
1312
1537
1289
1313
1538
1290
1314
1539
1291
1315
1540
1292
1316
1541
1293
1317
1542
1294
1318
1543
1295
1319
1544
1296
1320
1545
1297
1321
1546
1298
1322
1547
1299
1323
1548
1324
1549
1301
1325
1550
1302
1326
1551
1303
1327
1552
1304
1328
1553
1305
1329
1554
1306
1330
1555
1307
1331
1556
1308
1332
1557
1309
1333
1558
1310
1334
1559
1311
1335
1560
1312
1336
1561
1313
1337
1562
1314
1338
1563
1315
1339
1564
1316
1340
1565
1317
1341
1566
1318
1342
1567
1319
1343
1568
1320
1344
1569
1321
1345
1570
1322
1346
1571
1323
1347
1572
1324
1348
1573
1349
1574
1326
1350
1575
1327
1351
1576
1328
1352
1577
1329
1353
1578
1330
1354
1579
1331
1355
1580
1332
1356
1581
1333
1357
1582
1334
1358
1583
1335
1359
1584
1336
1360
1585
1337
1361
1586
1338
1362
1587
1339
1363
1588
1340
1364
1589
1341
1365
1590
1342
1366
1591
1343
1367
1592
1344
1368
1593
1345
1369
1594
1346
1370
1595
1347
1371
1596
1348
1372
1597
1349
1373
1598
1374
1599
1351
1375
1600
1352
1376
1601
1353
1377
1602
1354
1378
1603
1355
1379
1604
1356
1380
1605
1357
1381
1606
1358
1382
1607
1359
1383
1608
1360
1384
1609
1361
1385
1610
1362
1386
1611
1363
1387
1612
1364
1388
1613
1365
1389
1614
1366
1390
1615
1367
1391
1616
1368
1392
1617
1369
1393
1618
1370
1394
1619
1371
1395
1620
1372
1396
1621
1373
1397
1622
1374
1398
1623
1399
1624
1376
1400
1625
1377
1401
1626
1378
1402
1627
1379
1403
1628
1380
1404
1629
1381
1405
1630
1382
1406
1631
1383
1407
1632
1384
1408
1633
1385
1409
1634
1386
1410
1635
1387
1411
1636
1388
1412
1637
1389
1413
1638
1390
1414
1639
1391
1415
1640
1392
1416
1641
1393
1417
1642
1394
1418
1643
1395
1419
1644
1396
1420
1645
1397
1421
1646
1398
1422
1647
1399
1423
1648
1424
1649
1401
1425
1650
1402
1426
1651
1403
1427
1652
1404
1428
1653
1405
1429
1654
1406
1430
1655
1407
1431
1656
1408
1432
1657
1409
1433
1658
1410
1434
1659
1411
1435
1660
1412
1436
1661
1413
1437
1662
1414
1438
1663
1415
1439
1664
1416
1440
1665
1417
1441
1666
1418
1442
1667
1419
1443
1668
1420
1444
1669
1421
1445
1670
1422
1446
1671
1423
1447
1672
1424
1448
1673
1449
1674
1426
1450
1675
1427
1451
1676
1428
1452
1677
1429
1453
1678
1430
1454
1679
1431
1455
1680
1432
1456
1681
1433
1457
1682
1434
1458
1683
1435
1459
1684
1436
1460
1685
1437
1461
1686
1438
1462
1687
1439
1463
1688
1440
1464
1689
1441
1465
1690
1442
1466
1691
1443
1467
1692
1444
1468
1693
1445
1469
1694
1446
1470
1695
1447
1471
1696
1448
1472
1697
1449
1473
1698
1474
1699
1451
1475
1700
1452
1476
1701
1453
1477
1702
1454
1478
1703
1455
1479
1704
1456
1480
1705
1457
1481
1706
1458
1482
1707
1459
1483
1708
1460
1484
1709
1461
1485
1710
1462
1486
1711
1463
1487
1712
1464
1488
1713
1465
1489
1714
1466
1490
1715
1467
1491
1716
1468
1492
1717
1469
1493
1718
1470
1494
1719
1471
1495
1720
1472
1496
1721
1473
1497
1722
1474
1498
1723
1499
1724
1476
1725
1477
1726
1478
1727
1479
1728
1480
1729
1481
1730
1482
1731
1483
1732
1484
1733
1485
1734
1486
1735
1487
1736
1488
1737
1489
1738
1490
1739
1491
1740
1492
1741
1493
1742
1494
1743
1495
1744
1496
1745
1497
1746
1498
1747
1499
1748
1749
1501
1525
1750
1502
1526
1751
1503
1527
1752
1504
1528
1753
1505
1529
1754
1506
1530
1755
1507
1531
1756
1508
1532
1757
1509
1533
1758
1510
1534
1759
1511
1535
1760
1512
1536
1761
1513
1537
1762
1514
1538
1763
1515
1539
1764
1516
1540
1765
1517
1541
1766
1518
1542
1767
1519
1543
1768
1520
1544
1769
1521
1545
1770
1522
1546
1771
1523
1547
1772
1524
1548
1773
1549
1774
1526
1550
1775
1527
1551
1776
1528
1552
1777
1529
1553
1778
1530
1554
1779
1531
1555
1780
1532
1556
1781
1533
1557
1782
1534
1558
1783
1535
1559
1784
1536
1560
1785
1537
1561
1786
1538
1562
1787
1539
1563
1788
1540
1564
1789
1541
1565
1790
1542
1566
1791
1543
1567
1792
1544
1568
1793
1545
1569
1794
1546
1570
1795
1547
1571
1796
1548
1572
1797
1549
1573
1798
1574
1799
1551
1575
1800
1552
1576
1801
1553
1577
1802
1554
1578
1803
1555
1579
1804
1556
1580
1805
1557
1581
1806
1558
1582
1807
1559
1583
1808
1560
1584
1809
1561
1585
1810
1562
1586
1811
1563
1587
1812
1564
1588
1813
1565
1589
1814
1566
1590
1815
1567
1591
1816
1568
1592
1817
1569
1593
1818
1570
1594
1819
1571
1595
1820
1572
1596
1821
1573
1597
1822
1574
1598
1823
1599
1824
1576
1600
1825
1577
1601
1826
1578
1602
1827
1579
1603
1828
1580
1604
1829
1581
1605
1830
1582
1606
1831
1583
1607
1832
1584
1608
1833
1585
1609
1834
1586
1610
1835
1587
1611
1836
1588
1612
1837
1589
1613
1838
1590
1614
1839
1591
1615
1840
1592
1616
1841
1593
1617
1842
1594
1618
1843
1595
1619
1844
1596
1620
1845
1597
1621
1846
1598
1622
1847
1599
1623
1848
1624
1849
1601
1625
1850
1602
1626
1851
1603
1627
1852
1604
1628
1853
1605
1629
1854
1606
1630
1855
1607
1631
1856
1608
1632
1857
1609
1633
1858
1610
1634
1859
1611
1635
1860
1612
1636
1861
1613
1637
1862
1614
1638
1863
1615
1639
1864
1616
1640
1865
1617
1641
1866
1618
1642
1867
1619
1643
1868
1620
1644
1869
1621
1645
1870
1622
1646
1871
1623
1647
1872
1624
1648
1873
1649
1874
1626
1650
1875
1627
1651
1876
1628
1652
1877
1629
1653
1878
1630
1654
1879
1631
1655
1880
1632
1656
1881
1633
1657
1882
1634
1658
1883
1635
1659
1884
1636
1660
1885
1637
1661
1886
1638
1662
1887
1639
1663
1888
1640
1664
1889
1641
1665
1890
1642
1666
1891
1643
1667
1892
1644
1668
1893
1645
1669
1894
1646
1670
1895
1647
1671
1896
1648
1672
1897
1649
1673
1898
1674
1899
1651
1675
1900
1652
1676
1901
1653
1677
1902
1654
1678
1903
1655
1679
1904
1656
1680
1905
1657
1681
1906
1658
1682
1907
1659
1683
1908
1660
1684
1909
1661
1685
1910
1662
1686
1911
1663
1687
1912
1664
1688
1913
1665
1689
1914
1666
1690
1915
1667
1691
1916
1668
1692
1917
1669
1693
1918
1670
1694
1919
1671
1695
1920
1672
1696
1921
1673
1697
1922
1674
1698
1923
1699
1924
1676
1700
1925
1677
1701
1926
1678
1702
1927
1679
1703
1928
1680
1704
1929
1681
1705
1930
1682
1706
1931
1683
1707
1932
1684
1708
1933
1685
1709
1934
1686
1710
1935
1687
1711
1936
1688
1712
1937
1689
1713
1938
1690
1714
1939
1691
1715
1940
1692
1716
1941
1693
1717
1942
1694
1718
1943
1695
1719
1944
1696
1720
1945
1697
1721
1946
1698
1722
1947
1699
1723
1948
1724
1949
1701
1725
1950
1702
1726
1951
1703
1727
1952
1704
1728
1953
1705
1729
1954
1706
1730
1955
1707
1731
1956
1708
1732
1957
1709
1733
1958
1710
1734
1959
1711
1735
1960
1712
1736
1961
1713
1737
1962
1714
1738
1963
1715
1739
1964
1716
1740
1965
1717
1741
1966
1718
1742
1967
1719
1743
1968
1720
1744
1969
1721
1745
1970
1722
1746
1971
1723
1747
1972
1724
1748
1973
1749
1974
1726
1975
1727
1976
1728
1977
1729
1978
1730
1979
1731
1980
1732
1981
1733
1982
1734
1983
1735
1984
1736
1985
1737
1986
1738
1987
1739
1988
1740
1989
1741
1990
1742
1991
1743
1992
1744
1993
1745
1994
1746
1995
1747
1996
1748
1997
1749
1998
1999
1751
1775
2000
1752
1776
2001
1753
1777
2002
1754
1778
2003
1755
1779
2004
1756
1780
2005
1757
1781
2006
1758
1782
2007
1759
1783
2008
1760
1784
2009
1761
1785
2010
1762
1786
2011
1763
1787
2012
1764
1788
2013
1765
1789
2014
1766
1790
2015
1767
1791
2016
1768
1792
2017
1769
1793
2018
1770
1794
2019
1771
1795
2020
1772
1796
2021
1773
1797
2022
1774
1798
2023
1799
2024
1776
1800
2025
1777
1801
2026
1778
1802
2027
1779
1803
2028
1780
1804
2029
1781
1805
2030
1782
1806
2031
1783
1807
2032
1784
1808
2033
1785
1809
2034
1786
1810
2035
1787
1811
2036
1788
1812
2037
1789
1813
2038
1790
1814
2039
1791
1815
2040
1792
1816
2041
1793
1817
2042
1794
1818
2043
1795
1819
2044
1796
1820
2045
1797
1821
2046
1798
1822
2047
1799
1823
2048
1824
2049
1801
1825
2050
1802
1826
2051
1803
1827
2052
1804
1828
2053
1805
1829
2054
1806
1830
2055
1807
1831
2056
1808
1832
2057
1809
1833
2058
1810
1834
2059
1811
1835
2060
1812
1836
2061
1813
1837
2062
1814
1838
2063
1815
1839
2064
1816
1840
2065
1817
1841
2066
1818
1842
2067
1819
1843
2068
1820
1844
2069
1821
1845
2070
1822
1846
2071
1823
1847
2072
1824
1848
2073
1849
2074
1826
1850
2075
1827
1851
2076
1828
1852
2077
1829
1853
2078
1830
1854
2079
1831
1855
2080
1832
1856
2081
1833
1857
2082
1834
1858
2083
1835
1859
2084
1836
1860
2085
1837
1861
2086
1838
1862
2087
1839
1863
2088
1840
1864
2089
1841
1865
2090
1842
1866
2091
1843
1867
2092
1844
1868
2093
1845
1869
2094
1846
1870
2095
1847
1871
2096
1848
1872
2097
1849
1873
2098
1874
2099
1851
1875
2100
1852
1876
2101
1853
1877
2102
1854
1878
2103
1855
1879
2104
1856
1880
2105
1857
1881
2106
1858
1882
2107
1859
1883
2108
1860
1884
2109
1861
1885
2110
1862
1886
2111
1863
1887
2112
1864
1888
2113
1865
1889
2114
1866
1890
2115
1867
1891
2116
1868
1892
2117
1869
1893
2118
1870
1894
2119
1871
1895
2120
1872
1896
2121
1873
1897
2122
1874
1898
2123
1899
2124
1876
1900
2125
1877
1901
2126
1878
1902
2127
1879
1903
2128
1880
1904
2129
1881
1905
2130
1882
1906
2131
1883
1907
2132
1884
1908
2133
1885
1909
2134
1886
1910
2135
1887
1911
2136
1888
1912
2137
1889
1913
2138
1890
1914
2139
1891
1915
2140
1892
1916
2141
1893
1917
2142
1894
1918
2143
1895
1919
2144
1896
1920
2145
1897
1921
2146
1898
1922
2147
1899
1923
2148
1924
2149
1901
1925
2150
1902
1926
2151
1903
1927
2152
1904
1928
2153
1905
1929
2154
1906
1930
2155
1907
1931
2156
1908
1932
2157
1909
1933
2158
1910
1934
2159
1911
1935
2160
1912
1936
2161
1913
1937
2162
1914
1938
2163
1915
1939
2164
1916
1940
2165
1917
1941
2166
1918
1942
2167
1919
1943
2168
1920
1944
2169
1921
1945
2170
1922
1946
2171
1923
1947
2172
1924
1948
2173
1949
2174
1926
1950
2175
1927
1951
2176
1928
1952
2177
1929
1953
2178
1930
1954
2179
1931
1955
2180
1932
1956
2181
1933
1957
2182
1934
1958
2183
1935
1959
2184
1936
1960
2185
1937
1961
2186
1938
1962
2187
1939
1963
2188
1940
1964
2189
1941
1965
2190
1942
1966
2191
1943
1967
2192
1944
1968
2193
1945
1969
2194
1946
1970
2195
1947
1971
2196
1948
1972
2197
1949
1973
2198
1974
2199
1951
1975
2200
1952
1976
2201
1953
1977
2202
1954
1978
2203
1955
1979
2204
1956
1980
2205
1957
1981
2206
1958
1982
2207
1959
1983
2208
1960
1984
2209
1961
1985
2210
1962
1986
2211
1963
1987
2212
1964
1988
2213
1965
1989
2214
1966
1990
2215
1967
1991
2216
1968
1992
2217
1969
1993
2218
1970
1994
2219
1971
1995
2220
1972
1996
2221
1973
1997
2222
1974
1998
2223
1999
2224
1976
2225
1977
2226
1978
2227
1979
2228
1980
2229
1981
2230
1982
2231
1983
2232
1984
2233
1985
2234
1986
2235
1987
2236
1988
2237
1989
2238
1990
2239
1991
2240
1992
2241
1993
2242
1994
2243
1995
2244
1996
2245
1997
2246
1998
2247
1999
2248
2249
2001
2025
2250
2002
2026
2251
2003
2027
2252
2004
2028
2253
2005
2029
2254
2006
2030
2255
2007
2031
2256
2008
2032
2257
2009
2033
2258
2010
2034
2259
2011
2035
2260
2012
2036
2261
2013
2037
2262
2014
2038
2263
2015
2039
2264
2016
2040
2265
2017
2041
2266
2018
2042
2267
2019
2043
2268
2020
2044
2269
2021
2045
2270
2022
2046
2271
2023
2047
2272
2024
2048
2273
2049
2274
2026
2050
2275
2027
2051
2276
2028
2052
2277
2029
2053
2278
2030
2054
2279
2031
2055
2280
2032
2056
2281
2033
2057
2282
2034
2058
2283
2035
2059
2284
2036
2060
2285
2037
2061
2286
2038
2062
2287
2039
2063
2288
2040
2064
2289
2041
2065
2290
2042
2066
2291
2043
2067
2292
2044
2068
2293
2045
2069
2294
2046
2070
2295
2047
2071
2296
2048
2072
2297
2049
2073
2298
2074
2299
2051
2075
2300
2052
2076
2301
2053
2077
2302
2054
2078
2303
2055
2079
2304
2056
2080
2305
2057
2081
2306
2058
2082
2307
2059
2083
2308
2060
2084
2309
2061
2085
2310
2062
2086
2311
2063
2087
2312
2064
2088
2313
2065
2089
2314
2066
2090
2315
2067
2091
2316
2068
2092
2317
2069
2093
2318
2070
2094
2319
2071
2095
2320
2072
2096
2321
2073
2097
2322
2074
2098
2323
2099
2324
2076
2100
2325
2077
2101
2326
2078
2102
2327
2079
2103
2328
2080
2104
2329
2081
2105
2330
2082
2106
2331
2083
2107
2332
2084
2108
2333
2085
2109
2334
2086
2110
2335
2087
2111
2336
2088
2112
2337
2089
2113
2338
2090
2114
2339
2091
2115
2340
2092
2116
2341
2093
2117
2342
2094
2118
2343
2095
2119
2344
2096
2120
2345
2097
2121
2346
2098
2122
2347
2099
2123
2348
2124
2349
2101
2125
2350
2102
2126
2351
2103
2127
2352
2104
2128
2353
2105
2129
2354
2106
2130
2355
2107
2131
2356
2108
2132
2357
2109
2133
2358
2110
2134
2359
2111
2135
2360
2112
2136
2361
2113
2137
2362
2114
2138
2363
2115
2139
2364
2116
2140
2365
2117
2141
2366
2118
2142
2367
2119
2143
2368
2120
2144
2369
2121
2145
2370
2122
2146
2371
2123
2147
2372
2124
2148
2373
2149
2374
2126
2150
2375
2127
2151
2376
2128
2152
2377
2129
2153
2378
2130
2154
2379
2131
2155
2380
2132
2156
2381
2133
2157
2382
2134
2158
2383
2135
2159
2384
2136
2160
2385
2137
2161
2386
2138
2162
2387
2139
2163
2388
2140
2164
2389
2141
2165
2390
2142
2166
2391
2143
2167
2392
2144
2168
2393
2145
2169
2394
2146
2170
2395
2147
2171
2396
2148
2172
2397
2149
2173
2398
2174
2399
2151
2175
2400
2152
2176
2401
2153
2177
2402
2154
2178
2403
2155
2179
2404
2156
2180
2405
2157
2181
2406
2158
2182
2407
2159
2183
2408
2160
2184
2409
2161
2185
2410
2162
2186
2411
2163
2187
2412
2164
2188
2413
2165
2189
2414
2166
2190
2415
2167
2191
2416
2168
2192
2417
2169
2193
2418
2170
2194
2419
2171
2195
2420
2172
2196
2421
2173
2197
2422
2174
2198
2423
2199
2424
2176
2200
2425
2177
2201
2426
2178
2202
2427
2179
2203
2428
2180
2204
2429
2181
2205
2430
2182
2206
2431
2183
2207
2432
2184
2208
2433
2185
2209
2434
2186
2210
2435
2187
2211
2436
2188
2212
2437
2189
2213
2438
2190
2214
2439
2191
2215
2440
2192
2216
2441
2193
2217
2442
2194
2218
2443
2195
2219
2444
2196
2220
2445
2197
2221
2446
2198
2222
2447
2199
2223
2448
2224
2449
2201
2225
2450
2202
2226
2451
2203
2227
2452
2204
2228
2453
2205
2229
2454
2206
2230
2455
2207
2231
2456
2208
2232
2457
2209
2233
2458
2210
2234
2459
2211
2235
2460
2212
2236
2461
2213
2237
2462
2214
2238
2463
2215
2239
2464
2216
2240
2465
2217
2241
2466
2218
2242
2467
2219
2243
2468
2220
2244
2469
2221
2245
2470
2222
2246
2471
2223
2247
2472
2224
2248
2473
2249
2474
2226
2475
2227
2476
2228
2477
2229
2478
2230
2479
2231
2480
2232
2481
2233
2482
2234
2483
2235
2484
2236
2485
2237
2486
2238
2487
2239
2488
2240
2489
2241
2490
2242
2491
2243
2492
2244
2493
2245
2494
2246
2495
2247
2496
2248
2497
2249
2498
2499
2251
2275
2252
2276
2253
2277
2254
2278
2255
2279
2256
2280
2257
2281
2258
2282
2259
2283
2260
2284
2261
2285
2262
2286
2263
2287
2264
2288
2265
2289
2266
2290
2267
2291
2268
2292
2269
2293
2270
2294
2271
2295
2272
2296
2273
2297
2274
2298
2299
2276
2300
2277
2301
2278
2302
2279
2303
2280
2304
2281
2305
2282
2306
2283
2307
2284
2308
2285
2309
2286
2310
2287
2311
2288
2312
2289
2313
2290
2314
2291
2315
2292
2316
2293
2317
2294
2318
2295
2319
2296
2320
2297
2321
2298
2322
2299
2323
2324
2301
2325
2302
2326
2303
2327
2304
2328
2305
2329
2306
2330
2307
2331
2308
2332
2309
2333
2310
2334
2311
2335
2312
2336
2313
2337
2314
2338
2315
2339
2316
2340
2317
2341
2318
2342
2319
2343
2320
2344
2321
2345
2322
2346
2323
2347
2324
2348
2349
2326
2350
2327
2351
2328
2352
2329
2353
2330
2354
2331
2355
2332
2356
2333
2357
2334
2358
2335
2359
2336
2360
2337
2361
2338
2362
2339
2363
2340
2364
2341
2365
2342
2366
2343
2367
2344
2368
2345
2369
2346
2370
2347
2371
2348
2372
2349
2373
2374
2351
2375
2352
2376
2353
2377
2354
2378
2355
2379
2356
2380
2357
2381
2358
2382
2359
2383
2360
2384
2361
2385
2362
2386
2363
2387
2364
2388
2365
2389
2366
2390
2367
2391
2368
2392
2369
2393
2370
2394
2371
2395
2372
2396
2373
2397
2374
2398
2399
2376
2400
2377
2401
2378
2402
2379
2403
2380
2404
2381
2405
2382
2406
2383
2407
2384
2408
2385
2409
2386
2410
2387
2411
2388
2412
2389
2413
2390
2414
2391
2415
2392
2416
2393
2417
2394
2418
2395
2419
2396
2420
2397
2421
2398
2422
2399
2423
2424
2401
2425
2402
2426
2403
2427
2404
2428
2405
2429
2406
2430
2407
2431
2408
2432
2409
2433
2410
2434
2411
2435
2412
2436
2413
2437
2414
2438
2415
2439
2416
2440
2417
2441
2418
2442
2419
2443
2420
2444
2421
2445
2422
2446
2423
2447
2424
2448
2449
2426
2450
2427
2451
2428
2452
2429
2453
2430
2454
2431
2455
2432
2456
2433
2457
2434
2458
2435
2459
2436
2460
2437
2461
2438
2462
2439
2463
2440
2464
2441
2465
2442
2466
2443
2467
2444
2468
2445
2469
2446
2470
2447
2471
2448
2472
2449
2473
2474
2451
2475
2452
2476
2453
2477
2454
2478
2455
2479
2456
2480
2457
2481
2458
2482
2459
2483
2460
2484
2461
2485
2462
2486
2463
2487
2464
2488
2465
2489
2466
2490
2467
2491
2468
2492
2469
2493
2470
2494
2471
2495
2472
2496
2473
2497
2474
2498
2499
2476
2477
2478
2479
2480
2481
2482
2483
2484
2485
2486
2487
2488
2489
2490
2491
2492
2493
2494
2495
2496
2497
2498
2499
)


// ************************************************************************* //
