# Force and moment coefficients
# dragDir     : (1.000000e+00 0.000000e+00 0.000000e+00)
# sideDir     : (0.000000e+00 1.000000e+00 0.000000e+00)
# liftDir     : (0.000000e+00 0.000000e+00 1.000000e+00)
# rollAxis    : (1.000000e+00 0.000000e+00 0.000000e+00)
# pitchAxis   : (0.000000e+00 1.000000e+00 0.000000e+00)
# yawAxis     : (0.000000e+00 0.000000e+00 1.000000e+00)
# magUInf     : 2.000000e+01
# lRef        : 1.420000e+00
# Aref        : 7.500000e-01
# CofR        : (7.200000e-01 0.000000e+00 0.000000e+00)
#
# Time        	Cd            	Cd(f)         	Cd(r)         	Cl            	Cl(f)         	Cl(r)         	CmPitch       	CmRoll        	CmYaw         	Cs            	Cs(f)         	Cs(r)         
1             	1.247703e+00	6.273574e-01	6.203457e-01	4.674680e-02	5.356739e-01	-4.889271e-01	5.123005e-01	3.505830e-03	-6.591506e-04	-2.122901e-02	-1.127366e-02	-9.955356e-03
2             	1.370596e+00	6.901802e-01	6.804162e-01	5.511218e-02	5.821147e-01	-5.270025e-01	5.545586e-01	4.882019e-03	-4.795867e-04	-2.576106e-02	-1.336012e-02	-1.240095e-02
3             	1.191402e+00	5.987052e-01	5.926968e-01	6.978296e-02	5.078593e-01	-4.380764e-01	4.729679e-01	3.004207e-03	1.427154e-03	-1.975118e-02	-8.448435e-03	-1.130274e-02
4             	9.752880e-01	4.887898e-01	4.864983e-01	7.946635e-02	4.187262e-01	-3.392598e-01	3.789930e-01	1.145743e-03	2.621751e-03	-1.380109e-02	-4.278796e-03	-9.522298e-03
5             	7.793894e-01	3.885411e-01	3.908483e-01	9.066680e-02	3.408563e-01	-2.501895e-01	2.955229e-01	-1.153555e-03	3.699579e-03	-8.497799e-03	-5.493209e-04	-7.948478e-03
6             	6.261724e-01	3.109039e-01	3.152684e-01	1.056459e-01	2.847600e-01	-1.791141e-01	2.319370e-01	-2.182250e-03	3.397096e-03	-6.373273e-03	2.104600e-04	-6.583733e-03
7             	5.057346e-01	2.515497e-01	2.541849e-01	1.224329e-01	2.427594e-01	-1.203265e-01	1.815430e-01	-1.317598e-03	2.130401e-03	-8.358497e-03	-2.048848e-03	-6.309649e-03
8             	4.181637e-01	2.098168e-01	2.083470e-01	1.321755e-01	2.112416e-01	-7.906606e-02	1.451538e-01	7.349087e-04	-4.704373e-05	-1.324539e-02	-6.669740e-03	-6.575652e-03
9             	3.569215e-01	1.820916e-01	1.748299e-01	1.389720e-01	1.876606e-01	-4.868857e-02	1.181746e-01	3.630848e-03	-2.938136e-03	-2.035187e-02	-1.311407e-02	-7.237800e-03
10            	3.131855e-01	1.627235e-01	1.504620e-01	1.407047e-01	1.683805e-01	-2.767580e-02	9.802817e-02	6.130757e-03	-5.493307e-03	-2.571881e-02	-1.835271e-02	-7.366100e-03
11            	2.817724e-01	1.487898e-01	1.329826e-01	1.404005e-01	1.532806e-01	-1.288004e-02	8.308031e-02	7.903624e-03	-7.371901e-03	-2.883540e-02	-2.178960e-02	-7.045800e-03
12            	2.605671e-01	1.390870e-01	1.214801e-01	1.415153e-01	1.433447e-01	-1.829407e-03	7.258707e-02	8.803441e-03	-8.251566e-03	-2.982827e-02	-2.316570e-02	-6.662570e-03
13            	2.475821e-01	1.324118e-01	1.151703e-01	1.439218e-01	1.383752e-01	5.546555e-03	6.641434e-02	8.620753e-03	-8.108974e-03	-2.827534e-02	-2.224664e-02	-6.028694e-03
14            	2.403373e-01	1.280266e-01	1.123107e-01	1.469714e-01	1.366894e-01	1.028202e-02	6.320367e-02	7.857927e-03	-7.568442e-03	-2.591433e-02	-2.052561e-02	-5.388725e-03
15            	2.381024e-01	1.261944e-01	1.119080e-01	1.493395e-01	1.378429e-01	1.149656e-02	6.317318e-02	7.143208e-03	-7.364878e-03	-2.445898e-02	-1.959437e-02	-4.864613e-03
16            	2.378641e-01	1.257362e-01	1.121279e-01	1.511052e-01	1.399383e-01	1.116692e-02	6.438568e-02	6.804140e-03	-7.621106e-03	-2.468358e-02	-1.996290e-02	-4.720685e-03
17            	2.379831e-01	1.256893e-01	1.122938e-01	1.524891e-01	1.422567e-01	1.023243e-02	6.601212e-02	6.697745e-03	-8.459360e-03	-2.582236e-02	-2.137054e-02	-4.451820e-03
18            	2.378639e-01	1.250496e-01	1.128144e-01	1.533955e-01	1.443580e-01	9.037493e-03	6.766024e-02	6.117604e-03	-9.463052e-03	-2.574005e-02	-2.233307e-02	-3.406971e-03
19            	2.372904e-01	1.232964e-01	1.139941e-01	1.535424e-01	1.455508e-01	7.991672e-03	6.877955e-02	4.651134e-03	-9.806812e-03	-2.317757e-02	-2.139560e-02	-1.781973e-03
20            	2.364780e-01	1.211024e-01	1.153756e-01	1.528001e-01	1.456916e-01	7.108527e-03	6.929154e-02	2.863371e-03	-8.998001e-03	-1.922797e-02	-1.861198e-02	-6.159836e-04
21            	2.358845e-01	1.191865e-01	1.166979e-01	1.515472e-01	1.451601e-01	6.387028e-03	6.938655e-02	1.244305e-03	-7.314771e-03	-1.495851e-02	-1.479402e-02	-1.644824e-04
22            	2.348016e-01	1.174074e-01	1.173943e-01	1.501622e-01	1.438123e-01	6.349934e-03	6.873117e-02	6.535425e-06	-5.160657e-03	-1.115368e-02	-1.073750e-02	-4.161836e-04
23            	2.325494e-01	1.154207e-01	1.171287e-01	1.495037e-01	1.416819e-01	7.821800e-03	6.693007e-02	-8.539849e-04	-2.805234e-03	-8.064025e-03	-6.837247e-03	-1.226779e-03
24            	2.291974e-01	1.131975e-01	1.159999e-01	1.501700e-01	1.390558e-01	1.111427e-02	6.397075e-02	-1.401220e-03	-5.335986e-04	-5.860290e-03	-3.463744e-03	-2.396547e-03
25            	2.248043e-01	1.105189e-01	1.142853e-01	1.526863e-01	1.360970e-01	1.658926e-02	5.975389e-02	-1.883193e-03	1.354742e-03	-4.187988e-03	-7.392519e-04	-3.448736e-03
26            	2.207622e-01	1.079765e-01	1.127857e-01	1.561519e-01	1.334218e-01	2.273007e-02	5.534587e-02	-2.404609e-03	2.502117e-03	-2.953950e-03	1.025142e-03	-3.979092e-03
27            	2.176074e-01	1.058910e-01	1.117164e-01	1.595306e-01	1.312899e-01	2.824072e-02	5.152460e-02	-2.912712e-03	2.811893e-03	-2.144761e-03	1.739513e-03	-3.884274e-03
28            	2.153093e-01	1.044295e-01	1.108798e-01	1.622011e-01	1.297574e-01	3.244369e-02	4.865686e-02	-3.225183e-03	2.558218e-03	-1.761318e-03	1.677558e-03	-3.438877e-03
29            	2.136484e-01	1.034426e-01	1.102057e-01	1.645696e-01	1.289462e-01	3.562340e-02	4.666141e-02	-3.381552e-03	2.009718e-03	-1.516904e-03	1.251266e-03	-2.768170e-03
30            	2.121110e-01	1.025738e-01	1.095372e-01	1.668957e-01	1.287793e-01	3.811638e-02	4.533147e-02	-3.481716e-03	1.524161e-03	-1.210432e-03	9.189453e-04	-2.129377e-03
31            	2.103665e-01	1.014441e-01	1.089225e-01	1.690601e-01	1.290308e-01	4.002935e-02	4.450072e-02	-3.739201e-03	1.234840e-03	-4.699682e-04	9.998560e-04	-1.469824e-03
32            	2.080838e-01	9.990787e-02	1.081759e-01	1.707246e-01	1.292202e-01	4.150442e-02	4.385789e-02	-4.134019e-03	1.280809e-03	5.141203e-04	1.537870e-03	-1.023749e-03
33            	2.057033e-01	9.823608e-02	1.074673e-01	1.716056e-01	1.292483e-01	4.235721e-02	4.344557e-02	-4.615593e-03	1.460392e-03	1.674801e-03	2.297792e-03	-6.229909e-04
34            	2.034896e-01	9.664875e-02	1.068409e-01	1.721426e-01	1.291534e-01	4.298920e-02	4.308212e-02	-5.096061e-03	1.785346e-03	2.733409e-03	3.152050e-03	-4.186415e-04
35            	2.016568e-01	9.527502e-02	1.063817e-01	1.723101e-01	1.289148e-01	4.339522e-02	4.275981e-02	-5.553360e-03	2.040523e-03	3.739728e-03	3.910387e-03	-1.706591e-04
36            	2.004210e-01	9.417111e-02	1.062499e-01	1.724133e-01	1.287646e-01	4.364872e-02	4.255792e-02	-6.039387e-03	2.315973e-03	4.808563e-03	4.720255e-03	8.830806e-05
37            	1.995971e-01	9.329073e-02	1.063064e-01	1.724291e-01	1.285694e-01	4.385971e-02	4.235485e-02	-6.507818e-03	2.562620e-03	5.909664e-03	5.517452e-03	3.922118e-04
38            	1.990216e-01	9.264880e-02	1.063728e-01	1.726025e-01	1.284347e-01	4.416772e-02	4.213351e-02	-6.862011e-03	2.841337e-03	6.799037e-03	6.240855e-03	5.581818e-04
39            	1.985440e-01	9.219707e-02	1.063469e-01	1.727398e-01	1.282232e-01	4.451663e-02	4.185329e-02	-7.074931e-03	3.131885e-03	7.451066e-03	6.857418e-03	5.936480e-04
40            	1.981213e-01	9.189979e-02	1.062215e-01	1.730212e-01	1.280795e-01	4.494173e-02	4.156886e-02	-7.160854e-03	3.440314e-03	7.802790e-03	7.341710e-03	4.610807e-04
41            	1.978313e-01	9.176789e-02	1.060634e-01	1.732541e-01	1.280036e-01	4.525051e-02	4.137656e-02	-7.147744e-03	3.671357e-03	7.895806e-03	7.619260e-03	2.765460e-04
42            	1.976920e-01	9.169252e-02	1.059995e-01	1.733051e-01	1.280359e-01	4.526916e-02	4.138339e-02	-7.153501e-03	3.782894e-03	7.861139e-03	7.713464e-03	1.476752e-04
43            	1.977111e-01	9.153683e-02	1.061743e-01	1.731726e-01	1.281226e-01	4.504997e-02	4.153632e-02	-7.318743e-03	3.766465e-03	7.958231e-03	7.745581e-03	2.126506e-04
44            	1.978493e-01	9.122881e-02	1.066205e-01	1.729895e-01	1.283112e-01	4.467831e-02	4.181642e-02	-7.695854e-03	3.651672e-03	8.301688e-03	7.802516e-03	4.991719e-04
45            	1.980351e-01	9.075194e-02	1.072832e-01	1.729633e-01	1.285820e-01	4.438128e-02	4.210037e-02	-8.265606e-03	3.455926e-03	8.979317e-03	7.945585e-03	1.033733e-03
46            	1.982688e-01	9.015817e-02	1.081106e-01	1.730408e-01	1.288980e-01	4.414279e-02	4.237762e-02	-8.976218e-03	3.186197e-03	9.961014e-03	8.166704e-03	1.794310e-03
47            	1.984561e-01	8.950203e-02	1.089541e-01	1.732808e-01	1.291752e-01	4.410558e-02	4.253482e-02	-9.726041e-03	2.938292e-03	1.114747e-02	8.512026e-03	2.635441e-03
48            	1.986130e-01	8.884971e-02	1.097633e-01	1.736744e-01	1.294555e-01	4.421892e-02	4.261830e-02	-1.045678e-02	2.806631e-03	1.243997e-02	9.026616e-03	3.413353e-03
49            	1.986936e-01	8.826044e-02	1.104332e-01	1.740756e-01	1.296192e-01	4.445644e-02	4.258137e-02	-1.108639e-02	2.810832e-03	1.369296e-02	9.657312e-03	4.035649e-03
50            	1.987279e-01	8.773975e-02	1.109881e-01	1.745474e-01	1.297989e-01	4.474850e-02	4.252522e-02	-1.162420e-02	2.969739e-03	1.486014e-02	1.039981e-02	4.460331e-03
51            	1.987056e-01	8.731136e-02	1.113943e-01	1.750542e-01	1.299959e-01	4.505831e-02	4.246881e-02	-1.204145e-02	3.223066e-03	1.581665e-02	1.113139e-02	4.685259e-03
52            	1.986847e-01	8.703283e-02	1.116518e-01	1.756523e-01	1.303089e-01	4.534340e-02	4.248277e-02	-1.230949e-02	3.489695e-03	1.640986e-02	1.169462e-02	4.715233e-03
53            	1.985576e-01	8.688514e-02	1.116724e-01	1.763766e-01	1.305909e-01	4.578568e-02	4.240261e-02	-1.239365e-02	3.659821e-03	1.653737e-02	1.192850e-02	4.608862e-03
54            	1.984204e-01	8.689052e-02	1.115299e-01	1.772531e-01	1.309176e-01	4.633546e-02	4.229107e-02	-1.231969e-02	3.678385e-03	1.621888e-02	1.178783e-02	4.431058e-03
55            	1.982722e-01	8.697549e-02	1.112967e-01	1.780186e-01	1.311563e-01	4.686231e-02	4.214700e-02	-1.216062e-02	3.540645e-03	1.565962e-02	1.137045e-02	4.289164e-03
56            	1.982427e-01	8.713088e-02	1.111118e-01	1.785475e-01	1.314008e-01	4.714664e-02	4.212710e-02	-1.199047e-02	3.302373e-03	1.504390e-02	1.082432e-02	4.219580e-03
57            	1.981537e-01	8.717397e-02	1.109798e-01	1.787047e-01	1.314752e-01	4.722954e-02	4.212283e-02	-1.190289e-02	3.005804e-03	1.463296e-02	1.032229e-02	4.310678e-03
58            	1.980379e-01	8.709814e-02	1.109397e-01	1.785212e-01	1.314225e-01	4.709870e-02	4.216191e-02	-1.192079e-02	2.753532e-03	1.443521e-02	9.971136e-03	4.464072e-03
59            	1.978137e-01	8.679985e-02	1.110139e-01	1.780631e-01	1.311649e-01	4.689825e-02	4.213331e-02	-1.210703e-02	2.590941e-03	1.461804e-02	9.899959e-03	4.718078e-03
60            	1.975658e-01	8.638010e-02	1.111857e-01	1.774984e-01	1.308439e-01	4.665453e-02	4.209468e-02	-1.240279e-02	2.581763e-03	1.505027e-02	1.010690e-02	4.943372e-03
61            	1.973103e-01	8.585851e-02	1.114517e-01	1.769371e-01	1.304279e-01	4.650922e-02	4.195934e-02	-1.279662e-02	2.689436e-03	1.575566e-02	1.056727e-02	5.188396e-03
62            	1.971038e-01	8.536261e-02	1.117412e-01	1.764650e-01	1.299931e-01	4.647183e-02	4.176065e-02	-1.318928e-02	2.883807e-03	1.651190e-02	1.113976e-02	5.372145e-03
63            	1.969685e-01	8.493420e-02	1.120343e-01	1.762257e-01	1.296537e-01	4.657194e-02	4.154089e-02	-1.355007e-02	3.094385e-03	1.726438e-02	1.172658e-02	5.537807e-03
64            	1.969773e-01	8.467224e-02	1.123050e-01	1.761810e-01	1.294104e-01	4.677060e-02	4.131990e-02	-1.381639e-02	3.263945e-03	1.787556e-02	1.220172e-02	5.673833e-03
65            	1.971375e-01	8.459435e-02	1.125431e-01	1.762883e-01	1.292444e-01	4.704386e-02	4.110029e-02	-1.397438e-02	3.333965e-03	1.830401e-02	1.248597e-02	5.818042e-03
66            	1.974634e-01	8.472872e-02	1.127347e-01	1.765891e-01	1.292832e-01	4.730586e-02	4.098868e-02	-1.400297e-02	3.314074e-03	1.843452e-02	1.253133e-02	5.903184e-03
67            	1.978386e-01	8.496706e-02	1.128715e-01	1.770709e-01	1.294805e-01	4.759041e-02	4.094502e-02	-1.395222e-02	3.177240e-03	1.840392e-02	1.237920e-02	6.024718e-03
68            	1.982528e-01	8.530383e-02	1.129489e-01	1.775675e-01	1.297825e-01	4.778497e-02	4.099876e-02	-1.382255e-02	2.976561e-03	1.818139e-02	1.206726e-02	6.114134e-03
69            	1.985621e-01	8.565458e-02	1.129075e-01	1.780568e-01	1.300708e-01	4.798604e-02	4.104238e-02	-1.362647e-02	2.731164e-03	1.784329e-02	1.165281e-02	6.190482e-03
70            	1.987970e-01	8.603440e-02	1.127626e-01	1.784300e-01	1.303611e-01	4.806889e-02	4.114609e-02	-1.336411e-02	2.505904e-03	1.735926e-02	1.118553e-02	6.173725e-03
71            	1.989616e-01	8.637186e-02	1.125897e-01	1.787212e-01	1.305755e-01	4.814574e-02	4.121486e-02	-1.310893e-02	2.312858e-03	1.692425e-02	1.077498e-02	6.149268e-03
72            	1.990745e-01	8.669913e-02	1.123754e-01	1.789073e-01	1.307583e-01	4.814904e-02	4.130464e-02	-1.283814e-02	2.218793e-03	1.644515e-02	1.044137e-02	6.003784e-03
73            	1.991254e-01	8.693754e-02	1.121879e-01	1.790657e-01	1.308672e-01	4.819852e-02	4.133433e-02	-1.262519e-02	2.204454e-03	1.612755e-02	1.026823e-02	5.859319e-03
74            	1.991461e-01	8.709846e-02	1.120477e-01	1.791163e-01	1.309299e-01	4.818642e-02	4.137172e-02	-1.247460e-02	2.288035e-03	1.589121e-02	1.023364e-02	5.657569e-03
75            	1.991658e-01	8.716390e-02	1.120019e-01	1.790978e-01	1.309029e-01	4.819491e-02	4.135398e-02	-1.241899e-02	2.377036e-03	1.583373e-02	1.029390e-02	5.539831e-03
76            	1.991392e-01	8.719171e-02	1.119475e-01	1.790342e-01	1.308256e-01	4.820865e-02	4.130846e-02	-1.237790e-02	2.467413e-03	1.574844e-02	1.034163e-02	5.406809e-03
77            	1.991509e-01	8.724988e-02	1.119010e-01	1.790952e-01	1.308094e-01	4.828574e-02	4.126183e-02	-1.232558e-02	2.483544e-03	1.561688e-02	1.029199e-02	5.324897e-03
78            	1.991803e-01	8.737939e-02	1.118010e-01	1.791470e-01	1.308086e-01	4.833842e-02	4.123507e-02	-1.221078e-02	2.431646e-03	1.527493e-02	1.006911e-02	5.205821e-03
79            	1.992690e-01	8.760837e-02	1.116606e-01	1.792753e-01	1.308692e-01	4.840604e-02	4.123159e-02	-1.202612e-02	2.263495e-03	1.475515e-02	9.641069e-03	5.114079e-03
80            	1.993688e-01	8.791113e-02	1.114576e-01	1.794498e-01	1.310151e-01	4.843471e-02	4.129019e-02	-1.177325e-02	2.027174e-03	1.402086e-02	9.037602e-03	4.983255e-03
81            	1.995157e-01	8.821058e-02	1.113051e-01	1.797133e-01	1.312345e-01	4.847882e-02	4.137783e-02	-1.154727e-02	1.752218e-03	1.332428e-02	8.414357e-03	4.909921e-03
82            	1.996464e-01	8.842684e-02	1.112196e-01	1.799094e-01	1.314413e-01	4.846813e-02	4.148657e-02	-1.139637e-02	1.525452e-03	1.273444e-02	7.892670e-03	4.841766e-03
83            	1.997629e-01	8.845171e-02	1.113112e-01	1.800573e-01	1.316016e-01	4.845568e-02	4.157296e-02	-1.142976e-02	1.345554e-03	1.253124e-02	7.611175e-03	4.920067e-03
84            	1.998216e-01	8.826478e-02	1.115568e-01	1.800390e-01	1.316718e-01	4.836720e-02	4.165229e-02	-1.164602e-02	1.282459e-03	1.268204e-02	7.623480e-03	5.058562e-03
85            	1.998557e-01	8.788369e-02	1.119720e-01	1.798925e-01	1.316319e-01	4.826066e-02	4.168561e-02	-1.204416e-02	1.311495e-03	1.325469e-02	7.938842e-03	5.315852e-03
86            	1.998302e-01	8.735805e-02	1.124721e-01	1.795108e-01	1.314482e-01	4.806260e-02	4.169280e-02	-1.255705e-02	1.415438e-03	1.408201e-02	8.456444e-03	5.625568e-03
87            	1.997686e-01	8.669676e-02	1.130718e-01	1.790250e-01	1.311847e-01	4.784036e-02	4.167216e-02	-1.318754e-02	1.563321e-03	1.518767e-02	9.157155e-03	6.030513e-03
88            	1.997848e-01	8.622363e-02	1.135612e-01	1.785936e-01	1.309782e-01	4.761546e-02	4.168134e-02	-1.366878e-02	1.639230e-03	1.598792e-02	9.633189e-03	6.354729e-03
89            	1.998572e-01	8.575409e-02	1.141031e-01	1.781466e-01	1.307517e-01	4.739488e-02	4.167840e-02	-1.417453e-02	1.646664e-03	1.685183e-02	1.007258e-02	6.779254e-03
90            	1.999716e-01	8.544300e-02	1.145286e-01	1.778911e-01	1.306460e-01	4.724511e-02	4.170045e-02	-1.454280e-02	1.597329e-03	1.743976e-02	1.031721e-02	7.122549e-03
91            	2.001787e-01	8.521263e-02	1.149661e-01	1.777661e-01	1.306435e-01	4.712264e-02	4.176042e-02	-1.487673e-02	1.435396e-03	1.794550e-02	1.040814e-02	7.537351e-03
92            	2.003930e-01	8.506134e-02	1.153316e-01	1.778517e-01	1.307831e-01	4.706859e-02	4.185726e-02	-1.513516e-02	1.306951e-03	1.831385e-02	1.046388e-02	7.849972e-03
93            	2.006505e-01	8.484251e-02	1.158080e-01	1.779743e-01	1.309790e-01	4.699533e-02	4.199182e-02	-1.548275e-02	1.111958e-03	1.885277e-02	1.053834e-02	8.314427e-03
94            	2.009307e-01	8.469632e-02	1.162343e-01	1.781014e-01	1.312209e-01	4.688056e-02	4.217016e-02	-1.576901e-02	1.016999e-03	1.931892e-02	1.067646e-02	8.642459e-03
95            	2.012943e-01	8.435147e-02	1.169428e-01	1.782140e-01	1.315509e-01	4.666303e-02	4.244395e-02	-1.629567e-02	9.408539e-04	2.024968e-02	1.106569e-02	9.183984e-03
96            	2.015855e-01	8.405285e-02	1.175326e-01	1.782718e-01	1.318167e-01	4.645512e-02	4.268079e-02	-1.673989e-02	9.540046e-04	2.109157e-02	1.149979e-02	9.591780e-03
97            	2.019156e-01	8.369285e-02	1.182228e-01	1.783011e-01	1.320695e-01	4.623158e-02	4.291895e-02	-1.726496e-02	1.030868e-03	2.214300e-02	1.210237e-02	1.004063e-02
98            	2.021201e-01	8.323741e-02	1.188827e-01	1.781674e-01	1.321860e-01	4.598137e-02	4.310232e-02	-1.782267e-02	1.158157e-03	2.328888e-02	1.280260e-02	1.048628e-02
99            	2.022955e-01	8.277475e-02	1.195207e-01	1.781319e-01	1.323135e-01	4.581838e-02	4.324756e-02	-1.837299e-02	1.281238e-03	2.446324e-02	1.351286e-02	1.095038e-02
100           	2.023372e-01	8.235334e-02	1.199838e-01	1.779555e-01	1.322798e-01	4.567570e-02	4.330204e-02	-1.881525e-02	1.382998e-03	2.543179e-02	1.409889e-02	1.133290e-02
101           	2.023702e-01	8.203319e-02	1.203370e-01	1.779426e-01	1.322851e-01	4.565746e-02	4.331384e-02	-1.915189e-02	1.415861e-03	2.617287e-02	1.450229e-02	1.167057e-02
102           	2.022584e-01	8.179909e-02	1.204593e-01	1.778797e-01	1.321865e-01	4.569325e-02	4.324663e-02	-1.933011e-02	1.397273e-03	2.654842e-02	1.467148e-02	1.187694e-02
103           	2.022376e-01	8.173100e-02	1.205067e-01	1.779887e-01	1.321862e-01	4.580255e-02	4.319181e-02	-1.938783e-02	1.309944e-03	2.664549e-02	1.463269e-02	1.201280e-02
104           	2.021611e-01	8.175098e-02	1.204101e-01	1.780410e-01	1.321365e-01	4.590447e-02	4.311602e-02	-1.932957e-02	1.187398e-03	2.645506e-02	1.441493e-02	1.204013e-02
105           	2.021735e-01	8.185763e-02	1.203159e-01	1.782322e-01	1.321998e-01	4.603247e-02	4.308365e-02	-1.922913e-02	1.045727e-03	2.614165e-02	1.411655e-02	1.202510e-02
106           	2.021600e-01	8.197631e-02	1.201837e-01	1.782605e-01	1.322021e-01	4.605848e-02	4.307179e-02	-1.910367e-02	9.324303e-04	2.574904e-02	1.380695e-02	1.194209e-02
107           	2.022287e-01	8.205246e-02	1.201762e-01	1.783096e-01	1.322476e-01	4.606197e-02	4.309281e-02	-1.906186e-02	8.545795e-04	2.552923e-02	1.361919e-02	1.191004e-02
108           	2.022079e-01	8.205285e-02	1.201551e-01	1.781738e-01	1.321773e-01	4.599656e-02	4.309035e-02	-1.905111e-02	8.777933e-04	2.537282e-02	1.356420e-02	1.180861e-02
109           	2.022173e-01	8.196193e-02	1.202554e-01	1.780916e-01	1.321326e-01	4.595905e-02	4.308677e-02	-1.914673e-02	9.717710e-04	2.546046e-02	1.370200e-02	1.175846e-02
110           	2.021019e-01	8.174339e-02	1.203586e-01	1.778520e-01	1.319477e-01	4.590425e-02	4.302173e-02	-1.930758e-02	1.143848e-03	2.570751e-02	1.399760e-02	1.170991e-02
111           	2.019527e-01	8.143712e-02	1.205156e-01	1.777206e-01	1.317566e-01	4.596408e-02	4.289624e-02	-1.953923e-02	1.358727e-03	2.613751e-02	1.442748e-02	1.171003e-02
112           	2.016624e-01	8.108694e-02	1.205755e-01	1.775119e-01	1.314497e-01	4.606221e-02	4.269375e-02	-1.974428e-02	1.593844e-03	2.654109e-02	1.486439e-02	1.167670e-02
113           	2.013952e-01	8.077902e-02	1.206162e-01	1.774767e-01	1.311970e-01	4.627969e-02	4.245867e-02	-1.991859e-02	1.781086e-03	2.693287e-02	1.524752e-02	1.168535e-02
114           	2.009904e-01	8.053076e-02	1.204596e-01	1.773716e-01	1.308282e-01	4.654342e-02	4.214240e-02	-1.996443e-02	1.922579e-03	2.708880e-02	1.546698e-02	1.162182e-02
115           	2.006347e-01	8.042417e-02	1.202105e-01	1.774317e-01	1.305349e-01	4.689680e-02	4.181906e-02	-1.989317e-02	1.978239e-03	2.705030e-02	1.550339e-02	1.154691e-02
116           	2.002667e-01	8.046904e-02	1.197976e-01	1.774638e-01	1.302478e-01	4.721598e-02	4.151591e-02	-1.966430e-02	1.961577e-03	2.667521e-02	1.529918e-02	1.137603e-02
117           	2.000337e-01	8.069078e-02	1.193429e-01	1.776405e-01	1.300900e-01	4.755049e-02	4.126977e-02	-1.932605e-02	1.886004e-03	2.608763e-02	1.492982e-02	1.115781e-02
118           	1.998691e-01	8.101765e-02	1.188514e-01	1.777581e-01	1.299837e-01	4.777439e-02	4.110468e-02	-1.891688e-02	1.787528e-03	2.533403e-02	1.445455e-02	1.087949e-02
119           	1.998670e-01	8.139525e-02	1.184717e-01	1.779871e-01	1.300398e-01	4.794735e-02	4.104620e-02	-1.853824e-02	1.659179e-03	2.467570e-02	1.399703e-02	1.067867e-02
120           	1.998977e-01	8.176545e-02	1.181322e-01	1.780460e-01	1.300789e-01	4.796715e-02	4.105586e-02	-1.818337e-02	1.559237e-03	2.405931e-02	1.358889e-02	1.047042e-02
121           	1.999975e-01	8.208208e-02	1.179154e-01	1.781545e-01	1.301909e-01	4.796366e-02	4.111360e-02	-1.791668e-02	1.472647e-03	2.365896e-02	1.330213e-02	1.035683e-02
122           	2.000844e-01	8.233083e-02	1.177536e-01	1.780471e-01	1.302209e-01	4.782622e-02	4.119735e-02	-1.771139e-02	1.429103e-03	2.341075e-02	1.313448e-02	1.027627e-02
123           	2.001944e-01	8.250753e-02	1.176869e-01	1.780139e-01	1.302935e-01	4.772037e-02	4.128658e-02	-1.758967e-02	1.424953e-03	2.337419e-02	1.311205e-02	1.026214e-02
124           	2.001890e-01	8.258166e-02	1.176073e-01	1.778485e-01	1.302109e-01	4.763762e-02	4.128663e-02	-1.751282e-02	1.480871e-03	2.341918e-02	1.319046e-02	1.022872e-02
125           	2.001893e-01	8.261415e-02	1.175751e-01	1.777481e-01	1.301395e-01	4.760867e-02	4.126540e-02	-1.748049e-02	1.534836e-03	2.361383e-02	1.334175e-02	1.027208e-02
126           	2.000977e-01	8.262825e-02	1.174694e-01	1.775575e-01	1.299541e-01	4.760341e-02	4.117536e-02	-1.742057e-02	1.623711e-03	2.373938e-02	1.349340e-02	1.024598e-02
127           	1.999841e-01	8.261759e-02	1.173665e-01	1.775208e-01	1.298072e-01	4.771354e-02	4.104684e-02	-1.737446e-02	1.701483e-03	2.388468e-02	1.364382e-02	1.024086e-02
128           	1.998419e-01	8.266421e-02	1.171777e-01	1.773968e-01	1.295945e-01	4.780232e-02	4.089610e-02	-1.725675e-02	1.785392e-03	2.385930e-02	1.371504e-02	1.014426e-02
129           	1.996437e-01	8.261439e-02	1.170293e-01	1.774917e-01	1.294631e-01	4.802853e-02	4.071730e-02	-1.720748e-02	1.818616e-03	2.389286e-02	1.376505e-02	1.012781e-02
130           	1.994730e-01	8.272651e-02	1.167465e-01	1.775619e-01	1.293321e-01	4.822974e-02	4.055119e-02	-1.700999e-02	1.848556e-03	2.360426e-02	1.365068e-02	9.953571e-03
131           	1.993191e-01	8.271357e-02	1.166055e-01	1.777709e-01	1.292972e-01	4.847372e-02	4.041172e-02	-1.694599e-02	1.842316e-03	2.352160e-02	1.360312e-02	9.918484e-03
132           	1.991241e-01	8.281413e-02	1.163100e-01	1.779663e-01	1.292341e-01	4.873216e-02	4.025099e-02	-1.674794e-02	1.822541e-03	2.313653e-02	1.339081e-02	9.745727e-03
133           	1.990402e-01	8.283178e-02	1.162084e-01	1.782278e-01	1.293016e-01	4.892611e-02	4.018777e-02	-1.668830e-02	1.805341e-03	2.301310e-02	1.331189e-02	9.701210e-03
134           	1.989725e-01	8.289986e-02	1.160726e-01	1.784493e-01	1.293696e-01	4.907973e-02	4.014492e-02	-1.658639e-02	1.793760e-03	2.277386e-02	1.318069e-02	9.593172e-03
135           	1.990309e-01	8.294234e-02	1.160886e-01	1.786779e-01	1.295150e-01	4.916289e-02	4.017606e-02	-1.657313e-02	1.807495e-03	2.273022e-02	1.317261e-02	9.557617e-03
136           	1.990768e-01	8.297730e-02	1.160995e-01	1.787759e-01	1.295997e-01	4.917623e-02	4.021171e-02	-1.656108e-02	1.879970e-03	2.266866e-02	1.321430e-02	9.454358e-03
137           	1.991576e-01	8.295227e-02	1.162053e-01	1.789630e-01	1.297435e-01	4.921953e-02	4.026196e-02	-1.662651e-02	1.957590e-03	2.279882e-02	1.335700e-02	9.441822e-03
138           	1.992154e-01	8.292415e-02	1.162913e-01	1.789833e-01	1.297888e-01	4.919455e-02	4.029712e-02	-1.668355e-02	2.102757e-03	2.290488e-02	1.355520e-02	9.349683e-03
139           	1.993051e-01	8.288685e-02	1.164182e-01	1.790726e-01	1.298842e-01	4.918841e-02	4.034790e-02	-1.676569e-02	2.233002e-03	2.311219e-02	1.378910e-02	9.323094e-03
140           	1.993595e-01	8.284153e-02	1.165180e-01	1.790267e-01	1.299080e-01	4.911874e-02	4.039461e-02	-1.683824e-02	2.371485e-03	2.328676e-02	1.401486e-02	9.271893e-03
141           	1.994700e-01	8.288917e-02	1.165808e-01	1.790952e-01	1.300023e-01	4.909293e-02	4.045468e-02	-1.684582e-02	2.429243e-03	2.336625e-02	1.411237e-02	9.253882e-03
142           	1.995463e-01	8.299792e-02	1.165484e-01	1.790822e-01	1.300269e-01	4.905532e-02	4.048578e-02	-1.677525e-02	2.464018e-03	2.325273e-02	1.409038e-02	9.162347e-03
143           	1.996409e-01	8.315122e-02	1.164896e-01	1.792125e-01	1.301147e-01	4.909774e-02	4.050850e-02	-1.666921e-02	2.383512e-03	2.308976e-02	1.392839e-02	9.161367e-03
144           	1.997444e-01	8.340070e-02	1.163437e-01	1.792777e-01	1.301834e-01	4.909428e-02	4.054458e-02	-1.647151e-02	2.265813e-03	2.271560e-02	1.362361e-02	9.091990e-03
145           	1.999162e-01	8.371896e-02	1.161972e-01	1.794822e-01	1.303510e-01	4.913114e-02	4.060995e-02	-1.623912e-02	2.094007e-03	2.228868e-02	1.323835e-02	9.050331e-03
146           	2.000418e-01	8.402050e-02	1.160213e-01	1.795766e-01	1.304508e-01	4.912581e-02	4.066250e-02	-1.600042e-02	1.926348e-03	2.182014e-02	1.283642e-02	8.983724e-03
147           	2.002267e-01	8.434028e-02	1.158865e-01	1.798033e-01	1.306620e-01	4.914131e-02	4.076034e-02	-1.577309e-02	1.739712e-03	2.140785e-02	1.244364e-02	8.964212e-03
148           	2.003778e-01	8.450705e-02	1.158707e-01	1.798764e-01	1.308023e-01	4.907409e-02	4.086412e-02	-1.568183e-02	1.672121e-03	2.122157e-02	1.228291e-02	8.938665e-03
149           	2.005777e-01	8.463099e-02	1.159467e-01	1.800146e-01	1.310056e-01	4.900895e-02	4.099834e-02	-1.565786e-02	1.605264e-03	2.122618e-02	1.221835e-02	9.007825e-03
150           	2.006919e-01	8.462484e-02	1.160671e-01	1.799818e-01	1.310815e-01	4.890024e-02	4.109065e-02	-1.572111e-02	1.644158e-03	2.136980e-02	1.232906e-02	9.040744e-03
151           	2.008199e-01	8.454741e-02	1.162725e-01	1.800655e-01	1.312403e-01	4.882523e-02	4.120754e-02	-1.586253e-02	1.711592e-03	2.172597e-02	1.257458e-02	9.151394e-03
152           	2.009309e-01	8.442205e-02	1.165088e-01	1.800270e-01	1.313288e-01	4.869819e-02	4.131530e-02	-1.604340e-02	1.833456e-03	2.213856e-02	1.290274e-02	9.235824e-03
153           	2.010920e-01	8.424657e-02	1.168454e-01	1.800473e-01	1.314595e-01	4.858777e-02	4.143587e-02	-1.629942e-02	1.966066e-03	2.273124e-02	1.333169e-02	9.399555e-03
154           	2.011317e-01	8.411132e-02	1.170203e-01	1.799980e-01	1.314690e-01	4.852902e-02	4.146999e-02	-1.645451e-02	2.061295e-03	2.307115e-02	1.359687e-02	9.474281e-03
155           	2.012762e-01	8.397020e-02	1.173060e-01	1.800735e-01	1.315884e-01	4.848505e-02	4.155169e-02	-1.666791e-02	2.111042e-03	2.354643e-02	1.388426e-02	9.662176e-03
156           	2.013034e-01	8.390702e-02	1.173964e-01	1.800645e-01	1.315853e-01	4.847913e-02	4.155310e-02	-1.674470e-02	2.132160e-03	2.369556e-02	1.397994e-02	9.715618e-03
157           	2.013848e-01	8.388393e-02	1.175009e-01	1.801891e-01	1.316671e-01	4.852192e-02	4.157261e-02	-1.680849e-02	2.096549e-03	2.383941e-02	1.401625e-02	9.823154e-03
158           	2.014547e-01	8.390525e-02	1.175494e-01	1.802009e-01	1.316823e-01	4.851853e-02	4.158191e-02	-1.682209e-02	2.047964e-03	2.384694e-02	1.397144e-02	9.875507e-03
159           	2.015652e-01	8.394908e-02	1.176162e-01	1.803338e-01	1.317825e-01	4.855138e-02	4.161554e-02	-1.683354e-02	1.970372e-03	2.386346e-02	1.390210e-02	9.961358e-03
160           	2.016346e-01	8.399209e-02	1.176425e-01	1.803303e-01	1.317939e-01	4.853637e-02	4.162877e-02	-1.682521e-02	1.922336e-03	2.380732e-02	1.382600e-02	9.981325e-03
161           	2.017091e-01	8.396471e-02	1.177444e-01	1.804172e-01	1.318570e-01	4.856021e-02	4.164841e-02	-1.688984e-02	1.861716e-03	2.392364e-02	1.382354e-02	1.010011e-02
162           	2.017413e-01	8.391034e-02	1.178309e-01	1.803930e-01	1.318615e-01	4.853148e-02	4.166501e-02	-1.696030e-02	1.875280e-03	2.402642e-02	1.388849e-02	1.013793e-02
163           	2.017870e-01	8.379340e-02	1.179936e-01	1.804359e-01	1.319133e-01	4.852253e-02	4.169541e-02	-1.710009e-02	1.909360e-03	2.430026e-02	1.405949e-02	1.024077e-02
164           	2.017793e-01	8.364155e-02	1.181378e-01	1.803176e-01	1.318526e-01	4.846494e-02	4.169385e-02	-1.724811e-02	2.014233e-03	2.457302e-02	1.430074e-02	1.027228e-02
165           	2.017811e-01	8.345274e-02	1.183284e-01	1.802888e-01	1.318316e-01	4.845716e-02	4.168723e-02	-1.743781e-02	2.127067e-03	2.496648e-02	1.461031e-02	1.035617e-02
166           	2.017245e-01	8.326180e-02	1.184627e-01	1.801597e-01	1.317252e-01	4.843451e-02	4.164533e-02	-1.760045e-02	2.270867e-03	2.529141e-02	1.491657e-02	1.037484e-02
167           	2.016860e-01	8.308367e-02	1.186023e-01	1.801580e-01	1.316747e-01	4.848334e-02	4.159567e-02	-1.775932e-02	2.372496e-03	2.564398e-02	1.519449e-02	1.044949e-02
168           	2.015896e-01	8.295021e-02	1.186393e-01	1.800747e-01	1.315345e-01	4.854022e-02	4.149713e-02	-1.784457e-02	2.472285e-03	2.581783e-02	1.538120e-02	1.043663e-02
169           	2.015447e-01	8.287241e-02	1.186723e-01	1.801647e-01	1.315001e-01	4.866460e-02	4.141773e-02	-1.789996e-02	2.501147e-03	2.595869e-02	1.548049e-02	1.047820e-02
170           	2.014628e-01	8.285279e-02	1.186100e-01	1.801832e-01	1.313988e-01	4.878439e-02	4.130719e-02	-1.787861e-02	2.506808e-03	2.591689e-02	1.546526e-02	1.045164e-02
171           	2.014007e-01	8.287015e-02	1.185306e-01	1.803300e-01	1.313595e-01	4.897053e-02	4.119446e-02	-1.783022e-02	2.450724e-03	2.584672e-02	1.537408e-02	1.047264e-02
172           	2.012992e-01	8.293093e-02	1.183682e-01	1.803702e-01	1.312469e-01	4.912329e-02	4.106182e-02	-1.771866e-02	2.395392e-03	2.561701e-02	1.520390e-02	1.041311e-02
173           	2.012356e-01	8.300577e-02	1.182298e-01	1.805640e-01	1.312462e-01	4.931773e-02	4.096426e-02	-1.761203e-02	2.303914e-03	2.543132e-02	1.501958e-02	1.041175e-02
174           	2.011456e-01	8.309794e-02	1.180476e-01	1.806162e-01	1.311631e-01	4.945307e-02	4.085503e-02	-1.747484e-02	2.248566e-03	2.516169e-02	1.482941e-02	1.033228e-02
175           	2.011009e-01	8.317057e-02	1.179303e-01	1.807692e-01	1.311589e-01	4.961033e-02	4.077427e-02	-1.737986e-02	2.184365e-03	2.501159e-02	1.469016e-02	1.032143e-02
176           	2.009950e-01	8.322673e-02	1.177682e-01	1.808228e-01	1.311000e-01	4.972276e-02	4.068864e-02	-1.727074e-02	2.171301e-03	2.480890e-02	1.457575e-02	1.023315e-02
177           	2.009644e-01	8.326962e-02	1.176948e-01	1.809645e-01	1.311233e-01	4.984126e-02	4.064102e-02	-1.721259e-02	2.152708e-03	2.474977e-02	1.452759e-02	1.022218e-02
178           	2.008878e-01	8.330877e-02	1.175791e-01	1.809641e-01	1.310548e-01	4.990927e-02	4.057276e-02	-1.713514e-02	2.193023e-03	2.462104e-02	1.450354e-02	1.011750e-02
179           	2.008458e-01	8.332191e-02	1.175239e-01	1.810607e-01	1.310523e-01	5.000848e-02	4.052189e-02	-1.710100e-02	2.211190e-03	2.462097e-02	1.452167e-02	1.009929e-02
180           	2.007484e-01	8.334521e-02	1.174032e-01	1.810352e-01	1.309675e-01	5.006770e-02	4.044991e-02	-1.702898e-02	2.270696e-03	2.450855e-02	1.452497e-02	9.983580e-03
181           	2.006925e-01	8.337803e-02	1.173144e-01	1.811078e-01	1.309502e-01	5.015765e-02	4.039626e-02	-1.696821e-02	2.292505e-03	2.445124e-02	1.451813e-02	9.933117e-03
182           	2.005946e-01	8.342992e-02	1.171646e-01	1.810662e-01	1.308541e-01	5.021211e-02	4.032100e-02	-1.686736e-02	2.318185e-03	2.428492e-02	1.446064e-02	9.824274e-03
183           	2.005006e-01	8.349664e-02	1.170040e-01	1.811140e-01	1.307885e-01	5.032543e-02	4.023156e-02	-1.675366e-02	2.301873e-03	2.412153e-02	1.436264e-02	9.758891e-03
184           	2.003980e-01	8.360828e-02	1.167897e-01	1.810979e-01	1.307015e-01	5.039640e-02	4.015254e-02	-1.659072e-02	2.297486e-03	2.381342e-02	1.420420e-02	9.609226e-03
185           	2.003004e-01	8.371645e-02	1.165840e-01	1.811821e-01	1.306673e-01	5.051477e-02	4.007628e-02	-1.643376e-02	2.249093e-03	2.354694e-02	1.402256e-02	9.524375e-03
186           	2.002030e-01	8.385297e-02	1.163500e-01	1.812052e-01	1.306075e-01	5.059770e-02	4.000490e-02	-1.624853e-02	2.224443e-03	2.317921e-02	1.381405e-02	9.365163e-03
187           	2.000996e-01	8.394412e-02	1.161554e-01	1.812731e-01	1.305599e-01	5.071322e-02	3.992334e-02	-1.610566e-02	2.166299e-03	2.293374e-02	1.363317e-02	9.300570e-03
188           	1.999886e-01	8.404261e-02	1.159460e-01	1.813133e-01	1.305321e-01	5.078111e-02	3.987552e-02	-1.595170e-02	2.161861e-03	2.261197e-02	1.346785e-02	9.144124e-03
189           	1.998682e-01	8.407685e-02	1.157914e-01	1.813519e-01	1.304853e-01	5.086652e-02	3.980941e-02	-1.585727e-02	2.135722e-03	2.245993e-02	1.336568e-02	9.094241e-03
190           	1.997306e-01	8.410112e-02	1.156295e-01	1.812942e-01	1.303898e-01	5.090438e-02	3.974273e-02	-1.576418e-02	2.165246e-03	2.226172e-02	1.329611e-02	8.965614e-03
191           	1.995672e-01	8.404279e-02	1.155244e-01	1.812703e-01	1.303040e-01	5.096625e-02	3.966888e-02	-1.574082e-02	2.164019e-03	2.225727e-02	1.329265e-02	8.964618e-03
192           	1.994059e-01	8.398550e-02	1.154204e-01	1.811676e-01	1.301911e-01	5.097657e-02	3.960725e-02	-1.571746e-02	2.212465e-03	2.220957e-02	1.331725e-02	8.892319e-03
193           	1.992401e-01	8.387167e-02	1.153684e-01	1.810643e-01	1.300580e-01	5.100632e-02	3.952584e-02	-1.574835e-02	2.209699e-03	2.233344e-02	1.337642e-02	8.957021e-03
194           	1.990745e-01	8.378712e-02	1.152873e-01	1.809506e-01	1.299351e-01	5.101545e-02	3.945984e-02	-1.575011e-02	2.235790e-03	2.234752e-02	1.340955e-02	8.937971e-03
195           	1.989489e-01	8.370528e-02	1.152436e-01	1.808958e-01	1.298484e-01	5.104744e-02	3.940047e-02	-1.576916e-02	2.211664e-03	2.244836e-02	1.343584e-02	9.012514e-03
196           	1.988385e-01	8.367366e-02	1.151648e-01	1.807732e-01	1.297220e-01	5.105123e-02	3.933540e-02	-1.574558e-02	2.205134e-03	2.241579e-02	1.341303e-02	9.002761e-03
197           	1.987364e-01	8.363638e-02	1.151000e-01	1.807203e-01	1.296117e-01	5.110858e-02	3.925158e-02	-1.573180e-02	2.143898e-03	2.244597e-02	1.336688e-02	9.079085e-03
198           	1.986624e-01	8.366714e-02	1.149953e-01	1.806575e-01	1.295166e-01	5.114092e-02	3.918782e-02	-1.566407e-02	2.109631e-03	2.230740e-02	1.326333e-02	9.044066e-03
199           	1.986156e-01	8.369396e-02	1.149217e-01	1.806538e-01	1.294435e-01	5.121031e-02	3.911661e-02	-1.561386e-02	2.023599e-03	2.225792e-02	1.315256e-02	9.105360e-03
200           	1.985642e-01	8.375484e-02	1.148094e-01	1.806168e-01	1.293631e-01	5.125372e-02	3.905467e-02	-1.552729e-02	1.973270e-03	2.208433e-02	1.301544e-02	9.068896e-03
201           	1.985085e-01	8.377454e-02	1.147339e-01	1.806366e-01	1.292919e-01	5.134471e-02	3.897360e-02	-1.547970e-02	1.884854e-03	2.204143e-02	1.290557e-02	9.135860e-03
202           	1.984684e-01	8.381581e-02	1.146526e-01	1.806448e-01	1.292451e-01	5.139962e-02	3.892276e-02	-1.541840e-02	1.836377e-03	2.192104e-02	1.279690e-02	9.124144e-03
203           	1.984122e-01	8.380063e-02	1.146116e-01	1.807051e-01	1.292156e-01	5.148951e-02	3.886303e-02	-1.540546e-02	1.751415e-03	2.195344e-02	1.272814e-02	9.225305e-03
204           	1.983725e-01	8.382022e-02	1.145523e-01	1.807184e-01	1.291771e-01	5.154137e-02	3.881785e-02	-1.536606e-02	1.723459e-03	2.189583e-02	1.267137e-02	9.224456e-03
205           	1.982844e-01	8.376945e-02	1.145150e-01	1.807437e-01	1.291048e-01	5.163894e-02	3.873291e-02	-1.537276e-02	1.664715e-03	2.198821e-02	1.265882e-02	9.329390e-03
206           	1.982224e-01	8.375327e-02	1.144691e-01	1.807485e-01	1.290638e-01	5.168468e-02	3.868957e-02	-1.535791e-02	1.642552e-03	2.200238e-02	1.264374e-02	9.358639e-03
207           	1.981320e-01	8.367801e-02	1.144540e-01	1.807872e-01	1.290082e-01	5.177899e-02	3.861461e-02	-1.538797e-02	1.576413e-03	2.215164e-02	1.265223e-02	9.499405e-03
208           	1.980591e-01	8.364459e-02	1.144145e-01	1.807629e-01	1.289341e-01	5.182883e-02	3.855264e-02	-1.538495e-02	1.542376e-03	2.218475e-02	1.263475e-02	9.550000e-03
209           	1.979382e-01	8.355843e-02	1.143798e-01	1.808227e-01	1.288779e-01	5.194478e-02	3.846657e-02	-1.541069e-02	1.450082e-03	2.231833e-02	1.260925e-02	9.709085e-03
210           	1.978617e-01	8.353943e-02	1.143223e-01	1.808644e-01	1.288464e-01	5.201798e-02	3.841421e-02	-1.539141e-02	1.384331e-03	2.232451e-02	1.254659e-02	9.777923e-03
211           	1.977760e-01	8.350345e-02	1.142725e-01	1.809547e-01	1.288094e-01	5.214535e-02	3.833202e-02	-1.538454e-02	1.270968e-03	2.238123e-02	1.246159e-02	9.919649e-03
212           	1.977007e-01	8.352443e-02	1.141763e-01	1.810087e-01	1.287616e-01	5.224710e-02	3.825724e-02	-1.532591e-02	1.197457e-03	2.227699e-02	1.233595e-02	9.941040e-03
213           	1.975987e-01	8.351859e-02	1.140801e-01	1.811566e-01	1.287385e-01	5.241809e-02	3.816020e-02	-1.528075e-02	1.090860e-03	2.222457e-02	1.220315e-02	1.002143e-02
214           	1.975330e-01	8.356365e-02	1.139693e-01	1.812310e-01	1.286961e-01	5.253491e-02	3.808058e-02	-1.520284e-02	1.020355e-03	2.206152e-02	1.205111e-02	1.001040e-02
215           	1.974587e-01	8.358772e-02	1.138709e-01	1.813999e-01	1.286995e-01	5.270033e-02	3.799960e-02	-1.514161e-02	9.309600e-04	2.195330e-02	1.190761e-02	1.004569e-02
216           	1.973980e-01	8.364898e-02	1.137491e-01	1.814847e-01	1.286750e-01	5.280968e-02	3.793268e-02	-1.505004e-02	8.927578e-04	2.174148e-02	1.176350e-02	9.977981e-03
217           	1.973430e-01	8.367673e-02	1.136663e-01	1.816748e-01	1.287112e-01	5.296354e-02	3.787384e-02	-1.499478e-02	8.304009e-04	2.162383e-02	1.164231e-02	9.981512e-03
218           	1.973009e-01	8.373503e-02	1.135659e-01	1.817200e-01	1.286793e-01	5.304066e-02	3.781933e-02	-1.491544e-02	8.198573e-04	2.141935e-02	1.152953e-02	9.889816e-03
219           	1.972354e-01	8.375537e-02	1.134800e-01	1.818639e-01	1.286826e-01	5.318132e-02	3.775063e-02	-1.486233e-02	7.973315e-04	2.128283e-02	1.143875e-02	9.844085e-03
220           	1.971564e-01	8.379623e-02	1.133602e-01	1.818571e-01	1.286159e-01	5.324114e-02	3.768739e-02	-1.478196e-02	8.153017e-04	2.106337e-02	1.134699e-02	9.716383e-03
221           	1.971147e-01	8.382564e-02	1.132891e-01	1.819861e-01	1.286470e-01	5.333918e-02	3.765390e-02	-1.473173e-02	8.064365e-04	2.094262e-02	1.127775e-02	9.664874e-03
222           	1.970525e-01	8.386987e-02	1.131826e-01	1.819257e-01	1.285709e-01	5.335487e-02	3.760800e-02	-1.465639e-02	8.258548e-04	2.075241e-02	1.120206e-02	9.550348e-03
223           	1.969873e-01	8.389019e-02	1.130971e-01	1.819848e-01	1.285567e-01	5.342811e-02	3.756429e-02	-1.460347e-02	8.105013e-04	2.064472e-02	1.113286e-02	9.511858e-03
224           	1.969287e-01	8.394348e-02	1.129852e-01	1.819436e-01	1.285090e-01	5.343460e-02	3.753721e-02	-1.452086e-02	8.245724e-04	2.045077e-02	1.104996e-02	9.400810e-03
225           	1.969104e-01	8.398735e-02	1.129230e-01	1.820311e-01	1.285401e-01	5.349097e-02	3.752456e-02	-1.446785e-02	8.003892e-04	2.034678e-02	1.097378e-02	9.373000e-03
226           	1.968682e-01	8.405373e-02	1.128145e-01	1.819548e-01	1.284686e-01	5.348621e-02	3.749117e-02	-1.438039e-02	8.178198e-04	2.015886e-02	1.089725e-02	9.261610e-03
227           	1.968482e-01	8.410075e-02	1.127474e-01	1.820570e-01	1.285022e-01	5.355489e-02	3.747363e-02	-1.432334e-02	7.886079e-04	2.007369e-02	1.082545e-02	9.248239e-03
228           	1.968305e-01	8.418937e-02	1.126411e-01	1.820251e-01	1.284777e-01	5.354738e-02	3.746516e-02	-1.422588e-02	8.030117e-04	1.988031e-02	1.074317e-02	9.137144e-03
229           	1.968448e-01	8.425128e-02	1.125935e-01	1.821269e-01	1.285338e-01	5.359310e-02	3.747035e-02	-1.417113e-02	7.806011e-04	1.980296e-02	1.068208e-02	9.120881e-03
230           	1.968256e-01	8.432062e-02	1.125050e-01	1.820940e-01	1.285103e-01	5.358366e-02	3.746333e-02	-1.409217e-02	7.919832e-04	1.964509e-02	1.061453e-02	9.030560e-03
231           	1.968378e-01	8.437016e-02	1.124676e-01	1.822045e-01	1.285728e-01	5.363169e-02	3.747057e-02	-1.404874e-02	7.738178e-04	1.958254e-02	1.056509e-02	9.017451e-03
232           	1.968432e-01	8.444900e-02	1.123942e-01	1.821720e-01	1.285652e-01	5.360683e-02	3.747918e-02	-1.397262e-02	7.925824e-04	1.941792e-02	1.050154e-02	8.916375e-03
233           	1.968567e-01	8.450623e-02	1.123505e-01	1.822791e-01	1.286327e-01	5.364639e-02	3.749316e-02	-1.392213e-02	7.829746e-04	1.932473e-02	1.044534e-02	8.879388e-03
234           	1.968516e-01	8.456763e-02	1.122840e-01	1.822253e-01	1.286076e-01	5.361772e-02	3.749492e-02	-1.385817e-02	8.000875e-04	1.917858e-02	1.038938e-02	8.789201e-03
235           	1.968696e-01	8.461214e-02	1.122575e-01	1.823321e-01	1.286819e-01	5.365021e-02	3.751583e-02	-1.382269e-02	7.894729e-04	1.910611e-02	1.034253e-02	8.763584e-03
236           	1.968811e-01	8.465628e-02	1.122249e-01	1.822788e-01	1.286702e-01	5.360859e-02	3.753082e-02	-1.378429e-02	8.035593e-04	1.898998e-02	1.029855e-02	8.691430e-03
237           	1.968775e-01	8.466904e-02	1.122085e-01	1.823476e-01	1.287107e-01	5.363684e-02	3.753695e-02	-1.376971e-02	7.841562e-04	1.893814e-02	1.025323e-02	8.684914e-03
238           	1.968599e-01	8.470194e-02	1.121579e-01	1.822904e-01	1.286865e-01	5.360388e-02	3.754132e-02	-1.372800e-02	7.933769e-04	1.880564e-02	1.019620e-02	8.609444e-03
239           	1.968883e-01	8.473222e-02	1.121561e-01	1.823808e-01	1.287643e-01	5.361648e-02	3.757392e-02	-1.371192e-02	7.686030e-04	1.874875e-02	1.014298e-02	8.605772e-03
240           	1.968883e-01	8.477641e-02	1.121118e-01	1.823196e-01	1.287463e-01	5.357331e-02	3.758649e-02	-1.366772e-02	7.862718e-04	1.860836e-02	1.009045e-02	8.517910e-03
241           	1.968947e-01	8.478219e-02	1.121125e-01	1.823896e-01	1.287937e-01	5.359581e-02	3.759897e-02	-1.366517e-02	7.664823e-04	1.858331e-02	1.005814e-02	8.525173e-03
242           	1.968788e-01	8.478559e-02	1.120932e-01	1.823524e-01	1.287944e-01	5.355805e-02	3.761817e-02	-1.365380e-02	7.780092e-04	1.851695e-02	1.003649e-02	8.480467e-03
243           	1.968895e-01	8.476156e-02	1.121279e-01	1.824319e-01	1.288596e-01	5.357223e-02	3.764370e-02	-1.368319e-02	7.573198e-04	1.855329e-02	1.003396e-02	8.519323e-03
244           	1.968468e-01	8.474351e-02	1.121033e-01	1.823915e-01	1.288388e-01	5.355272e-02	3.764302e-02	-1.367990e-02	7.796821e-04	1.850961e-02	1.003449e-02	8.475125e-03
245           	1.968320e-01	8.472461e-02	1.121074e-01	1.825131e-01	1.289271e-01	5.358607e-02	3.767050e-02	-1.369142e-02	7.701084e-04	1.852168e-02	1.003095e-02	8.490729e-03
246           	1.968165e-01	8.473987e-02	1.120767e-01	1.824715e-01	1.289215e-01	5.354998e-02	3.768577e-02	-1.366839e-02	7.957222e-04	1.844003e-02	1.001574e-02	8.424293e-03
247           	1.967967e-01	8.474032e-02	1.120564e-01	1.825668e-01	1.289732e-01	5.359364e-02	3.768976e-02	-1.365805e-02	7.992646e-04	1.840985e-02	1.000419e-02	8.405662e-03
248           	1.967555e-01	8.475815e-02	1.119973e-01	1.825356e-01	1.289619e-01	5.357371e-02	3.769411e-02	-1.361960e-02	8.334530e-04	1.828949e-02	9.978199e-03	8.311293e-03
249           	1.967262e-01	8.476340e-02	1.119628e-01	1.826355e-01	1.290199e-01	5.361558e-02	3.770217e-02	-1.359971e-02	8.284371e-04	1.823844e-02	9.947655e-03	8.290781e-03
250           	1.966657e-01	8.478242e-02	1.118833e-01	1.825856e-01	1.289846e-01	5.360093e-02	3.769185e-02	-1.355043e-02	8.557516e-04	1.811255e-02	9.912026e-03	8.200523e-03
251           	1.966190e-01	8.478763e-02	1.118313e-01	1.826759e-01	1.290350e-01	5.364092e-02	3.769703e-02	-1.352185e-02	8.479752e-04	1.805658e-02	9.876267e-03	8.180317e-03
252           	1.965908e-01	8.482808e-02	1.117628e-01	1.826085e-01	1.290169e-01	5.359160e-02	3.771267e-02	-1.346734e-02	8.697898e-04	1.793303e-02	9.836305e-03	8.096726e-03
253           	1.965594e-01	8.484917e-02	1.117103e-01	1.826323e-01	1.290220e-01	5.361027e-02	3.770587e-02	-1.343055e-02	8.628025e-04	1.786956e-02	9.797584e-03	8.071979e-03
254           	1.965293e-01	8.488961e-02	1.116397e-01	1.825258e-01	1.289674e-01	5.355846e-02	3.770446e-02	-1.337505e-02	8.795502e-04	1.774543e-02	9.752266e-03	7.993165e-03
255           	1.965188e-01	8.492338e-02	1.115954e-01	1.825708e-01	1.290023e-01	5.356854e-02	3.771688e-02	-1.333603e-02	8.702907e-04	1.766986e-02	9.705221e-03	7.964639e-03
256           	1.965127e-01	8.497730e-02	1.115354e-01	1.824468e-01	1.289414e-01	5.350547e-02	3.771794e-02	-1.327904e-02	8.889232e-04	1.755055e-02	9.664196e-03	7.886350e-03
257           	1.965107e-01	8.501524e-02	1.114954e-01	1.824624e-01	1.289489e-01	5.351357e-02	3.771765e-02	-1.324009e-02	8.794961e-04	1.749539e-02	9.627189e-03	7.868196e-03
258           	1.965387e-01	8.509087e-02	1.114479e-01	1.823478e-01	1.289148e-01	5.343297e-02	3.774090e-02	-1.317849e-02	8.976099e-04	1.737495e-02	9.585083e-03	7.789863e-03
259           	1.965749e-01	8.515472e-02	1.114202e-01	1.823669e-01	1.289383e-01	5.342863e-02	3.775484e-02	-1.313275e-02	8.781355e-04	1.730980e-02	9.533036e-03	7.776765e-03
260           	1.966281e-01	8.525336e-02	1.113747e-01	1.822485e-01	1.288953e-01	5.335318e-02	3.777106e-02	-1.306067e-02	8.845706e-04	1.717182e-02	9.470481e-03	7.701340e-03
261           	1.966685e-01	8.533664e-02	1.113319e-01	1.822497e-01	1.288993e-01	5.335041e-02	3.777446e-02	-1.299762e-02	8.533866e-04	1.706725e-02	9.387014e-03	7.680240e-03
262           	1.967185e-01	8.545167e-02	1.112668e-01	1.821321e-01	1.288519e-01	5.328020e-02	3.778586e-02	-1.290757e-02	8.506715e-04	1.690755e-02	9.304448e-03	7.603105e-03
263           	1.967764e-01	8.557151e-02	1.112049e-01	1.821346e-01	1.288685e-01	5.326616e-02	3.780116e-02	-1.281671e-02	8.093113e-04	1.676838e-02	9.193501e-03	7.574879e-03
264           	1.968222e-01	8.572173e-02	1.111005e-01	1.819733e-01	1.287871e-01	5.318624e-02	3.780042e-02	-1.268937e-02	7.977429e-04	1.653953e-02	9.067510e-03	7.472024e-03
265           	1.968853e-01	8.587820e-02	1.110071e-01	1.819302e-01	1.287761e-01	5.315411e-02	3.781099e-02	-1.256443e-02	7.590813e-04	1.633268e-02	8.925423e-03	7.407260e-03
266           	1.969272e-01	8.603739e-02	1.108898e-01	1.817779e-01	1.287079e-01	5.306997e-02	3.781898e-02	-1.242620e-02	7.402169e-04	1.609464e-02	8.787536e-03	7.307102e-03
267           	1.969551e-01	8.618741e-02	1.107677e-01	1.817415e-01	1.286828e-01	5.305876e-02	3.781201e-02	-1.229013e-02	6.932145e-04	1.587473e-02	8.630578e-03	7.244149e-03
268           	1.969814e-01	8.636950e-02	1.106119e-01	1.815593e-01	1.285861e-01	5.297319e-02	3.780647e-02	-1.212120e-02	6.847965e-04	1.557334e-02	8.471467e-03	7.101874e-03
269           	1.970136e-01	8.652675e-02	1.104869e-01	1.815639e-01	1.286008e-01	5.296308e-02	3.781886e-02	-1.198007e-02	6.492150e-04	1.535997e-02	8.329201e-03	7.030771e-03
270           	1.970321e-01	8.670002e-02	1.103320e-01	1.813893e-01	1.285018e-01	5.288742e-02	3.780721e-02	-1.181601e-02	6.457862e-04	1.508997e-02	8.190769e-03	6.899197e-03
271           	1.970290e-01	8.683595e-02	1.101931e-01	1.813559e-01	1.284502e-01	5.290565e-02	3.777230e-02	-1.167855e-02	6.165667e-04	1.489292e-02	8.063028e-03	6.829894e-03
272           	1.970187e-01	8.698255e-02	1.100362e-01	1.812234e-01	1.283588e-01	5.286462e-02	3.774708e-02	-1.152681e-02	6.219499e-04	1.464130e-02	7.942599e-03	6.698699e-03
273           	1.970192e-01	8.710619e-02	1.099130e-01	1.812223e-01	1.283318e-01	5.289055e-02	3.772061e-02	-1.140339e-02	6.028838e-04	1.446281e-02	7.834288e-03	6.628520e-03
274           	1.970233e-01	8.725326e-02	1.097701e-01	1.810636e-01	1.282176e-01	5.284602e-02	3.768577e-02	-1.125840e-02	6.087362e-04	1.421660e-02	7.717039e-03	6.499566e-03
275           	1.970133e-01	8.737410e-02	1.096392e-01	1.810626e-01	1.281868e-01	5.287579e-02	3.765550e-02	-1.113256e-02	5.905465e-04	1.402751e-02	7.604299e-03	6.423206e-03
276           	1.969967e-01	8.753082e-02	1.094659e-01	1.809399e-01	1.280957e-01	5.284421e-02	3.762573e-02	-1.096752e-02	6.090921e-04	1.373645e-02	7.477318e-03	6.259134e-03
277           	1.969860e-01	8.765312e-02	1.093329e-01	1.809411e-01	1.280699e-01	5.287118e-02	3.759937e-02	-1.083987e-02	5.915323e-04	1.354838e-02	7.365721e-03	6.182657e-03
278           	1.969451e-01	8.778548e-02	1.091596e-01	1.808184e-01	1.279719e-01	5.284644e-02	3.756274e-02	-1.068708e-02	6.040513e-04	1.328160e-02	7.244850e-03	6.036748e-03
279           	1.968913e-01	8.787188e-02	1.090194e-01	1.808092e-01	1.279258e-01	5.288347e-02	3.752115e-02	-1.057378e-02	5.845948e-04	1.311842e-02	7.143803e-03	5.974614e-03
280           	1.968339e-01	8.797754e-02	1.088563e-01	1.806931e-01	1.278429e-01	5.285019e-02	3.749637e-02	-1.043940e-02	5.925654e-04	1.289598e-02	7.040555e-03	5.855425e-03
281           	1.967893e-01	8.803867e-02	1.087506e-01	1.807306e-01	1.278551e-01	5.287551e-02	3.748979e-02	-1.035597e-02	5.661009e-04	1.280649e-02	6.969348e-03	5.837146e-03
282           	1.967275e-01	8.811007e-02	1.086175e-01	1.806232e-01	1.277847e-01	5.283847e-02	3.747312e-02	-1.025369e-02	5.815444e-04	1.265740e-02	6.910246e-03	5.747157e-03
283           	1.966801e-01	8.813648e-02	1.085436e-01	1.806492e-01	1.278003e-01	5.284891e-02	3.747568e-02	-1.020356e-02	5.705793e-04	1.262739e-02	6.884276e-03	5.743118e-03
284           	1.966468e-01	8.816499e-02	1.084818e-01	1.805664e-01	1.277767e-01	5.278966e-02	3.749351e-02	-1.015843e-02	5.828468e-04	1.258133e-02	6.873514e-03	5.707821e-03
285           	1.966199e-01	8.815716e-02	1.084627e-01	1.806097e-01	1.278153e-01	5.279439e-02	3.751048e-02	-1.015279e-02	5.760058e-04	1.262501e-02	6.888513e-03	5.736501e-03
286           	1.965927e-01	8.816499e-02	1.084277e-01	1.805257e-01	1.277944e-01	5.273134e-02	3.753151e-02	-1.013137e-02	6.061012e-04	1.261178e-02	6.911989e-03	5.699787e-03
287           	1.966021e-01	8.815948e-02	1.084426e-01	1.806189e-01	1.279009e-01	5.271796e-02	3.759149e-02	-1.014157e-02	6.134578e-04	1.268486e-02	6.955890e-03	5.728974e-03
288           	1.966435e-01	8.818954e-02	1.084540e-01	1.805430e-01	1.279187e-01	5.262431e-02	3.764720e-02	-1.013223e-02	6.559286e-04	1.268610e-02	6.998977e-03	5.687119e-03
289           	1.966791e-01	8.818482e-02	1.084943e-01	1.806002e-01	1.279939e-01	5.260628e-02	3.769382e-02	-1.015473e-02	6.753628e-04	1.276786e-02	7.059292e-03	5.708566e-03
290           	1.967302e-01	8.821141e-02	1.085188e-01	1.805714e-01	1.280473e-01	5.252412e-02	3.776160e-02	-1.015368e-02	7.266961e-04	1.276497e-02	7.109181e-03	5.655789e-03
291           	1.968020e-01	8.820298e-02	1.085990e-01	1.806646e-01	1.281645e-01	5.250011e-02	3.783219e-02	-1.019800e-02	7.394834e-04	1.287654e-02	7.177753e-03	5.698787e-03
292           	1.968793e-01	8.823267e-02	1.086467e-01	1.806246e-01	1.282111e-01	5.241345e-02	3.789885e-02	-1.020701e-02	7.941944e-04	1.288492e-02	7.236655e-03	5.648266e-03
293           	1.969691e-01	8.822795e-02	1.087411e-01	1.807252e-01	1.283317e-01	5.239350e-02	3.796908e-02	-1.025660e-02	8.120156e-04	1.300533e-02	7.314683e-03	5.690651e-03
294           	1.970402e-01	8.825378e-02	1.087864e-01	1.807273e-01	1.283975e-01	5.232980e-02	3.803385e-02	-1.026632e-02	8.703998e-04	1.301036e-02	7.375580e-03	5.634781e-03
295           	1.970905e-01	8.823326e-02	1.088573e-01	1.808048e-01	1.284756e-01	5.232912e-02	3.807325e-02	-1.031200e-02	8.922381e-04	1.311681e-02	7.450641e-03	5.666165e-03
296           	1.971466e-01	8.824035e-02	1.089063e-01	1.808091e-01	1.285229e-01	5.228627e-02	3.811829e-02	-1.033297e-02	9.522587e-04	1.314001e-02	7.522263e-03	5.617746e-03
297           	1.971495e-01	8.819005e-02	1.089595e-01	1.809066e-01	1.285773e-01	5.232925e-02	3.812404e-02	-1.038471e-02	9.740265e-04	1.326931e-02	7.608679e-03	5.660626e-03
298           	1.971553e-01	8.817505e-02	1.089802e-01	1.809529e-01	1.286234e-01	5.232946e-02	3.814699e-02	-1.040258e-02	1.022327e-03	1.329635e-02	7.670504e-03	5.625849e-03
299           	1.971277e-01	8.812698e-02	1.090008e-01	1.810954e-01	1.286943e-01	5.240119e-02	3.814653e-02	-1.043688e-02	1.031332e-03	1.339957e-02	7.731119e-03	5.668455e-03
300           	1.971124e-01	8.811201e-02	1.090004e-01	1.811607e-01	1.287295e-01	5.243117e-02	3.814917e-02	-1.044418e-02	1.070822e-03	1.339723e-02	7.769435e-03	5.627792e-03
301           	1.970664e-01	8.806252e-02	1.090039e-01	1.813115e-01	1.287785e-01	5.253304e-02	3.812273e-02	-1.047067e-02	1.072912e-03	1.347872e-02	7.812272e-03	5.666448e-03
302           	1.970467e-01	8.805164e-02	1.089951e-01	1.814379e-01	1.288454e-01	5.259252e-02	3.812644e-02	-1.047173e-02	1.105371e-03	1.346054e-02	7.835643e-03	5.624901e-03
303           	1.970289e-01	8.800486e-02	1.090240e-01	1.815951e-01	1.289013e-01	5.269382e-02	3.810372e-02	-1.050959e-02	1.097060e-03	1.355781e-02	7.875962e-03	5.681843e-03
304           	1.969961e-01	8.797459e-02	1.090215e-01	1.817097e-01	1.289484e-01	5.276134e-02	3.809352e-02	-1.052343e-02	1.120073e-03	1.356623e-02	7.903187e-03	5.663041e-03
305           	1.969770e-01	8.791259e-02	1.090644e-01	1.818848e-01	1.290316e-01	5.285316e-02	3.808924e-02	-1.057590e-02	1.096579e-03	1.369962e-02	7.946387e-03	5.753229e-03
306           	1.969754e-01	8.787420e-02	1.091012e-01	1.819695e-01	1.290734e-01	5.289606e-02	3.808868e-02	-1.061351e-02	1.103466e-03	1.376050e-02	7.983716e-03	5.776785e-03
307           	1.969473e-01	8.778953e-02	1.091578e-01	1.820969e-01	1.291116e-01	5.298532e-02	3.806314e-02	-1.068412e-02	1.074513e-03	1.392116e-02	8.035093e-03	5.886068e-03
308           	1.969618e-01	8.774087e-02	1.092209e-01	1.821792e-01	1.291702e-01	5.300903e-02	3.808056e-02	-1.074001e-02	1.076974e-03	1.401067e-02	8.082308e-03	5.928359e-03
309           	1.969586e-01	8.766398e-02	1.092946e-01	1.822967e-01	1.292155e-01	5.308122e-02	3.806713e-02	-1.081530e-02	1.045763e-03	1.418079e-02	8.136158e-03	6.044631e-03
310           	1.969602e-01	8.761828e-02	1.093419e-01	1.823094e-01	1.292111e-01	5.309835e-02	3.805637e-02	-1.086183e-02	1.053135e-03	1.424599e-02	8.176131e-03	6.069862e-03
311           	1.969661e-01	8.754835e-02	1.094178e-01	1.823897e-01	1.292391e-01	5.315064e-02	3.804420e-02	-1.093471e-02	1.029489e-03	1.441416e-02	8.236569e-03	6.177590e-03
312           	1.969672e-01	8.750153e-02	1.094657e-01	1.823675e-01	1.292135e-01	5.315404e-02	3.802972e-02	-1.098209e-02	1.039614e-03	1.448058e-02	8.279901e-03	6.200674e-03
313           	1.969549e-01	8.742575e-02	1.095292e-01	1.823957e-01	1.291910e-01	5.320478e-02	3.799309e-02	-1.105171e-02	1.014642e-03	1.464243e-02	8.335856e-03	6.306573e-03
314           	1.969610e-01	8.738997e-02	1.095710e-01	1.823621e-01	1.291684e-01	5.319363e-02	3.798740e-02	-1.109051e-02	1.017565e-03	1.469287e-02	8.363998e-03	6.328869e-03
315           	1.969779e-01	8.734241e-02	1.096355e-01	1.824067e-01	1.291805e-01	5.322617e-02	3.797717e-02	-1.114655e-02	9.886732e-04	1.482405e-02	8.400698e-03	6.423352e-03
316           	1.970171e-01	8.735675e-02	1.096603e-01	1.823529e-01	1.291525e-01	5.320037e-02	3.797605e-02	-1.115178e-02	9.985973e-04	1.481231e-02	8.404750e-03	6.407556e-03
317           	1.970278e-01	8.733250e-02	1.096953e-01	1.823672e-01	1.291361e-01	5.323113e-02	3.795246e-02	-1.118141e-02	9.761698e-04	1.489608e-02	8.424208e-03	6.471869e-03
318           	1.970565e-01	8.736688e-02	1.096896e-01	1.823052e-01	1.291047e-01	5.320044e-02	3.795214e-02	-1.116136e-02	9.994420e-04	1.483055e-02	8.414718e-03	6.415834e-03
319           	1.970715e-01	8.736378e-02	1.097077e-01	1.822896e-01	1.290752e-01	5.321431e-02	3.793047e-02	-1.117198e-02	9.908314e-04	1.486716e-02	8.424412e-03	6.442749e-03
320           	1.970902e-01	8.739291e-02	1.096973e-01	1.821961e-01	1.290205e-01	5.317558e-02	3.792245e-02	-1.115221e-02	1.016284e-03	1.479442e-02	8.413495e-03	6.380927e-03
321           	1.970964e-01	8.739186e-02	1.097045e-01	1.821711e-01	1.289900e-01	5.318106e-02	3.790448e-02	-1.115634e-02	1.015791e-03	1.480398e-02	8.417781e-03	6.386198e-03
322           	1.971143e-01	8.740931e-02	1.097050e-01	1.820759e-01	1.289467e-01	5.312920e-02	3.790874e-02	-1.114784e-02	1.045495e-03	1.475244e-02	8.421713e-03	6.330723e-03
323           	1.971276e-01	8.740473e-02	1.097229e-01	1.820176e-01	1.289041e-01	5.311350e-02	3.789530e-02	-1.115909e-02	1.045400e-03	1.478238e-02	8.436587e-03	6.345788e-03
324           	1.971132e-01	8.741541e-02	1.096977e-01	1.819130e-01	1.288402e-01	5.307283e-02	3.788369e-02	-1.114116e-02	1.084090e-03	1.470728e-02	8.437730e-03	6.269550e-03
325           	1.971065e-01	8.739311e-02	1.097134e-01	1.818569e-01	1.287928e-01	5.306412e-02	3.786434e-02	-1.116016e-02	1.077740e-03	1.474971e-02	8.452595e-03	6.297115e-03
326           	1.970930e-01	8.739439e-02	1.096986e-01	1.817375e-01	1.287188e-01	5.301874e-02	3.785001e-02	-1.115209e-02	1.102095e-03	1.469600e-02	8.450093e-03	6.245902e-03
327           	1.970539e-01	8.735519e-02	1.096987e-01	1.816219e-01	1.286123e-01	5.300952e-02	3.780141e-02	-1.117177e-02	1.088105e-03	1.474150e-02	8.458857e-03	6.282648e-03
328           	1.970253e-01	8.735265e-02	1.096726e-01	1.814925e-01	1.285272e-01	5.296529e-02	3.778094e-02	-1.116000e-02	1.108013e-03	1.468546e-02	8.450745e-03	6.234718e-03
329           	1.970059e-01	8.732534e-02	1.096806e-01	1.814130e-01	1.284658e-01	5.294719e-02	3.775933e-02	-1.117761e-02	1.080575e-03	1.474054e-02	8.450846e-03	6.289695e-03
330           	1.969756e-01	8.733263e-02	1.096429e-01	1.812557e-01	1.283644e-01	5.289128e-02	3.773656e-02	-1.115515e-02	1.096332e-03	1.466218e-02	8.427423e-03	6.234759e-03
331           	1.969269e-01	8.729426e-02	1.096327e-01	1.811325e-01	1.282459e-01	5.288654e-02	3.767969e-02	-1.116921e-02	1.075242e-03	1.470485e-02	8.427667e-03	6.277184e-03
332           	1.968864e-01	8.728599e-02	1.096005e-01	1.810104e-01	1.281657e-01	5.284473e-02	3.766047e-02	-1.115724e-02	1.094982e-03	1.464707e-02	8.418516e-03	6.228553e-03
333           	1.968469e-01	8.723208e-02	1.096148e-01	1.809096e-01	1.280796e-01	5.282999e-02	3.762481e-02	-1.119137e-02	1.070034e-03	1.474055e-02	8.440310e-03	6.300243e-03
334           	1.968016e-01	8.721440e-02	1.095872e-01	1.807834e-01	1.279848e-01	5.279865e-02	3.759305e-02	-1.118642e-02	1.094068e-03	1.471116e-02	8.449649e-03	6.261514e-03
335           	1.967273e-01	8.714960e-02	1.095777e-01	1.807095e-01	1.278949e-01	5.281464e-02	3.754012e-02	-1.121404e-02	1.074703e-03	1.479448e-02	8.471942e-03	6.322535e-03
336           	1.966684e-01	8.712763e-02	1.095407e-01	1.806309e-01	1.278293e-01	5.280162e-02	3.751385e-02	-1.120656e-02	1.094336e-03	1.476075e-02	8.474709e-03	6.286037e-03
337           	1.965939e-01	8.706151e-02	1.095324e-01	1.805758e-01	1.277432e-01	5.283258e-02	3.745530e-02	-1.123542e-02	1.069639e-03	1.484109e-02	8.490182e-03	6.350905e-03
338           	1.965412e-01	8.703956e-02	1.095017e-01	1.805283e-01	1.276975e-01	5.283077e-02	3.743336e-02	-1.123105e-02	1.081047e-03	1.481500e-02	8.488548e-03	6.326454e-03
339           	1.964699e-01	8.699240e-02	1.094775e-01	1.805316e-01	1.276590e-01	5.287259e-02	3.739321e-02	-1.124255e-02	1.052360e-03	1.485721e-02	8.480965e-03	6.376246e-03
340           	1.964520e-01	8.701479e-02	1.094372e-01	1.805185e-01	1.276602e-01	5.285830e-02	3.740093e-02	-1.121120e-02	1.061200e-03	1.477338e-02	8.447889e-03	6.325489e-03
341           	1.964327e-01	8.701307e-02	1.094196e-01	1.805497e-01	1.276757e-01	5.287396e-02	3.740088e-02	-1.120325e-02	1.028957e-03	1.477649e-02	8.417201e-03	6.359286e-03
342           	1.964254e-01	8.704405e-02	1.093814e-01	1.805474e-01	1.276940e-01	5.285340e-02	3.742030e-02	-1.116867e-02	1.038707e-03	1.469155e-02	8.384482e-03	6.307068e-03
343           	1.964107e-01	8.703780e-02	1.093729e-01	1.805686e-01	1.277185e-01	5.285005e-02	3.743425e-02	-1.116753e-02	1.011499e-03	1.471250e-02	8.367747e-03	6.344749e-03
344           	1.964769e-01	8.708426e-02	1.093927e-01	1.805825e-01	1.277966e-01	5.278589e-02	3.750535e-02	-1.115421e-02	1.020719e-03	1.466468e-02	8.353060e-03	6.311621e-03
345           	1.964805e-01	8.708060e-02	1.093999e-01	1.806038e-01	1.278282e-01	5.277564e-02	3.752628e-02	-1.115965e-02	1.002695e-03	1.469279e-02	8.349089e-03	6.343700e-03
346           	1.965514e-01	8.713922e-02	1.094122e-01	1.806214e-01	1.279109e-01	5.271053e-02	3.760017e-02	-1.113647e-02	1.020762e-03	1.463216e-02	8.336843e-03	6.295320e-03
347           	1.965917e-01	8.715807e-02	1.094336e-01	1.806532e-01	1.279680e-01	5.268513e-02	3.764145e-02	-1.113777e-02	1.005888e-03	1.465568e-02	8.333730e-03	6.321955e-03
348           	1.966941e-01	8.722470e-02	1.094694e-01	1.806709e-01	1.280423e-01	5.262851e-02	3.770692e-02	-1.112237e-02	1.027365e-03	1.461506e-02	8.334897e-03	6.280167e-03
349           	1.967144e-01	8.722764e-02	1.094868e-01	1.806760e-01	1.280525e-01	5.262357e-02	3.771446e-02	-1.112958e-02	1.013105e-03	1.464733e-02	8.336768e-03	6.310559e-03
350           	1.968150e-01	8.729150e-02	1.095235e-01	1.807352e-01	1.281571e-01	5.257808e-02	3.778952e-02	-1.111600e-02	1.026880e-03	1.461913e-02	8.336444e-03	6.282685e-03
351           	1.968464e-01	8.729932e-02	1.095471e-01	1.807912e-01	1.282030e-01	5.258826e-02	3.780735e-02	-1.112388e-02	1.006819e-03	1.465811e-02	8.335873e-03	6.322235e-03
352           	1.969486e-01	8.736750e-02	1.095811e-01	1.808483e-01	1.282944e-01	5.255388e-02	3.787027e-02	-1.110682e-02	1.019099e-03	1.462607e-02	8.332134e-03	6.293936e-03
353           	1.969818e-01	8.737719e-02	1.096046e-01	1.809445e-01	1.283628e-01	5.258171e-02	3.789053e-02	-1.111372e-02	9.974425e-04	1.467010e-02	8.332495e-03	6.337610e-03
354           	1.970571e-01	8.742730e-02	1.096298e-01	1.810144e-01	1.284427e-01	5.257163e-02	3.793555e-02	-1.110124e-02	1.011021e-03	1.464144e-02	8.331741e-03	6.309698e-03
355           	1.970675e-01	8.741637e-02	1.096511e-01	1.810780e-01	1.284619e-01	5.261612e-02	3.792288e-02	-1.111738e-02	9.950002e-04	1.469485e-02	8.342427e-03	6.352427e-03
356           	1.971217e-01	8.743824e-02	1.096835e-01	1.811556e-01	1.285473e-01	5.260833e-02	3.796948e-02	-1.112261e-02	1.005264e-03	1.469824e-02	8.354384e-03	6.343856e-03
357           	1.971357e-01	8.740687e-02	1.097288e-01	1.812483e-01	1.285981e-01	5.265022e-02	3.797394e-02	-1.116096e-02	9.863104e-04	1.481288e-02	8.392752e-03	6.420132e-03
358           	1.971829e-01	8.740990e-02	1.097730e-01	1.812912e-01	1.286512e-01	5.263998e-02	3.800560e-02	-1.118153e-02	1.002997e-03	1.484786e-02	8.426930e-03	6.420935e-03
359           	1.972094e-01	8.736331e-02	1.098460e-01	1.813939e-01	1.287165e-01	5.267740e-02	3.801955e-02	-1.124137e-02	9.824316e-04	1.500563e-02	8.485246e-03	6.520383e-03
360           	1.972868e-01	8.736603e-02	1.099208e-01	1.814410e-01	1.287856e-01	5.265531e-02	3.806516e-02	-1.127737e-02	1.002803e-03	1.506026e-02	8.532935e-03	6.527330e-03
361           	1.973097e-01	8.731439e-02	1.099953e-01	1.815046e-01	1.288051e-01	5.269950e-02	3.805281e-02	-1.134048e-02	9.906961e-04	1.520953e-02	8.595461e-03	6.614069e-03
362           	1.973751e-01	8.730988e-02	1.100653e-01	1.815417e-01	1.288551e-01	5.268660e-02	3.808426e-02	-1.137769e-02	1.021717e-03	1.524897e-02	8.646204e-03	6.602770e-03
363           	1.973982e-01	8.724309e-02	1.101551e-01	1.816173e-01	1.288916e-01	5.272565e-02	3.808298e-02	-1.145601e-02	1.009499e-03	1.542743e-02	8.723215e-03	6.704217e-03
364           	1.974681e-01	8.722544e-02	1.102427e-01	1.816220e-01	1.289209e-01	5.270105e-02	3.810994e-02	-1.150861e-02	1.035927e-03	1.549616e-02	8.784005e-03	6.712151e-03
365           	1.974889e-01	8.715347e-02	1.103354e-01	1.816748e-01	1.289360e-01	5.273884e-02	3.809856e-02	-1.159098e-02	1.021401e-03	1.567082e-02	8.856812e-03	6.814011e-03
366           	1.975273e-01	8.711390e-02	1.104134e-01	1.816681e-01	1.289430e-01	5.272515e-02	3.810890e-02	-1.164976e-02	1.033762e-03	1.573875e-02	8.903138e-03	6.835613e-03
367           	1.975450e-01	8.703618e-02	1.105088e-01	1.817166e-01	1.289543e-01	5.276233e-02	3.809599e-02	-1.173632e-02	1.000726e-03	1.591265e-02	8.957050e-03	6.955597e-03
368           	1.976135e-01	8.702703e-02	1.105865e-01	1.817166e-01	1.289818e-01	5.273484e-02	3.812347e-02	-1.177972e-02	1.011994e-03	1.594853e-02	8.986257e-03	6.962270e-03
369           	1.976505e-01	8.697567e-02	1.106748e-01	1.817618e-01	1.290022e-01	5.275957e-02	3.812130e-02	-1.184958e-02	9.878049e-04	1.607540e-02	9.025504e-03	7.049894e-03
370           	1.977134e-01	8.698134e-02	1.107320e-01	1.817663e-01	1.290397e-01	5.272661e-02	3.815656e-02	-1.187535e-02	1.012366e-03	1.606436e-02	9.044544e-03	7.019812e-03
371           	1.977364e-01	8.692995e-02	1.108064e-01	1.817751e-01	1.290399e-01	5.273527e-02	3.815230e-02	-1.193825e-02	9.948844e-04	1.617556e-02	9.082663e-03	7.092894e-03
372           	1.977605e-01	8.690483e-02	1.108557e-01	1.817237e-01	1.290212e-01	5.270254e-02	3.815931e-02	-1.197544e-02	1.029956e-03	1.618364e-02	9.121773e-03	7.061862e-03
373           	1.977533e-01	8.683528e-02	1.109180e-01	1.817240e-01	1.290135e-01	5.271045e-02	3.815153e-02	-1.204135e-02	1.036076e-03	1.630303e-02	9.187591e-03	7.115438e-03
374           	1.977756e-01	8.680040e-02	1.109752e-01	1.816794e-01	1.290238e-01	5.265567e-02	3.818406e-02	-1.208737e-02	1.069223e-03	1.634441e-02	9.241430e-03	7.102984e-03
375           	1.977793e-01	8.673875e-02	1.110406e-01	1.816653e-01	1.290132e-01	5.265201e-02	3.818062e-02	-1.215091e-02	1.068937e-03	1.647752e-02	9.307696e-03	7.169823e-03
376           	1.978003e-01	8.673232e-02	1.110680e-01	1.815778e-01	1.289848e-01	5.259298e-02	3.819591e-02	-1.216784e-02	1.107594e-03	1.647300e-02	9.344095e-03	7.128908e-03
377           	1.977931e-01	8.668705e-02	1.111060e-01	1.815741e-01	1.289780e-01	5.259619e-02	3.819088e-02	-1.220949e-02	1.102673e-03	1.657172e-02	9.388533e-03	7.183187e-03
378           	1.978074e-01	8.669953e-02	1.111079e-01	1.815049e-01	1.289492e-01	5.255563e-02	3.819680e-02	-1.220417e-02	1.141745e-03	1.652043e-02	9.401958e-03	7.118469e-03
379           	1.977921e-01	8.666654e-02	1.111256e-01	1.814430e-01	1.288833e-01	5.255980e-02	3.816173e-02	-1.222953e-02	1.131874e-03	1.659084e-02	9.427296e-03	7.163547e-03
380           	1.977907e-01	8.668315e-02	1.111075e-01	1.813822e-01	1.288543e-01	5.252789e-02	3.816322e-02	-1.221219e-02	1.161510e-03	1.652345e-02	9.423233e-03	7.100213e-03
381           	1.977558e-01	8.665542e-02	1.111003e-01	1.813591e-01	1.288157e-01	5.254339e-02	3.813616e-02	-1.222246e-02	1.139369e-03	1.657748e-02	9.428111e-03	7.149372e-03
382           	1.977416e-01	8.667257e-02	1.110691e-01	1.812723e-01	1.287616e-01	5.251077e-02	3.812540e-02	-1.219824e-02	1.155320e-03	1.650817e-02	9.409405e-03	7.098764e-03
383           	1.976750e-01	8.662501e-02	1.110500e-01	1.812408e-01	1.287025e-01	5.253832e-02	3.808208e-02	-1.221249e-02	1.127107e-03	1.656821e-02	9.411212e-03	7.156999e-03
384           	1.976364e-01	8.662042e-02	1.110159e-01	1.812048e-01	1.286809e-01	5.252393e-02	3.807847e-02	-1.219776e-02	1.140795e-03	1.651375e-02	9.397672e-03	7.116082e-03
385           	1.975747e-01	8.656623e-02	1.110085e-01	1.811557e-01	1.286080e-01	5.254779e-02	3.803008e-02	-1.222113e-02	1.113355e-03	1.659168e-02	9.409194e-03	7.182484e-03
386           	1.975151e-01	8.656072e-02	1.109544e-01	1.810995e-01	1.285593e-01	5.254020e-02	3.800955e-02	-1.219685e-02	1.137828e-03	1.651074e-02	9.393200e-03	7.117544e-03
387           	1.974210e-01	8.649943e-02	1.109216e-01	1.810788e-01	1.285049e-01	5.257387e-02	3.796550e-02	-1.221108e-02	1.127862e-03	1.656855e-02	9.412137e-03	7.156412e-03
388           	1.973925e-01	8.649815e-02	1.108944e-01	1.810128e-01	1.284676e-01	5.254513e-02	3.796126e-02	-1.219811e-02	1.162430e-03	1.651544e-02	9.420152e-03	7.095292e-03
389           	1.973072e-01	8.643883e-02	1.108684e-01	1.809927e-01	1.284131e-01	5.257959e-02	3.791676e-02	-1.221477e-02	1.161557e-03	1.656510e-02	9.444105e-03	7.120991e-03
390           	1.972433e-01	8.641627e-02	1.108270e-01	1.809408e-01	1.283630e-01	5.257785e-02	3.789257e-02	-1.220539e-02	1.193448e-03	1.650731e-02	9.447103e-03	7.060207e-03
391           	1.971542e-01	8.635084e-02	1.108034e-01	1.809276e-01	1.283117e-01	5.261588e-02	3.784793e-02	-1.222627e-02	1.177694e-03	1.656387e-02	9.459629e-03	7.104241e-03
392           	1.971593e-01	8.636881e-02	1.107904e-01	1.809302e-01	1.283391e-01	5.259104e-02	3.787405e-02	-1.221081e-02	1.194087e-03	1.649120e-02	9.439689e-03	7.051515e-03
393           	1.970894e-01	8.633088e-02	1.107586e-01	1.809539e-01	1.283141e-01	5.263981e-02	3.783715e-02	-1.221384e-02	1.178641e-03	1.650868e-02	9.432979e-03	7.075697e-03
394           	1.970598e-01	8.635804e-02	1.107018e-01	1.809443e-01	1.283030e-01	5.264126e-02	3.783088e-02	-1.217188e-02	1.205431e-03	1.638215e-02	9.396504e-03	6.985641e-03
395           	1.970099e-01	8.632525e-02	1.106847e-01	1.810013e-01	1.283144e-01	5.268686e-02	3.781377e-02	-1.217972e-02	1.183626e-03	1.641208e-02	9.389664e-03	7.022411e-03
396           	1.969907e-01	8.634983e-02	1.106409e-01	1.809884e-01	1.283059e-01	5.268254e-02	3.781166e-02	-1.214551e-02	1.213475e-03	1.629353e-02	9.360242e-03	6.933292e-03
397           	1.969297e-01	8.631490e-02	1.106148e-01	1.809955e-01	1.282666e-01	5.272888e-02	3.776888e-02	-1.214994e-02	1.202519e-03	1.632154e-02	9.363289e-03	6.958251e-03
398           	1.969421e-01	8.635124e-02	1.105909e-01	1.810128e-01	1.283098e-01	5.270299e-02	3.780342e-02	-1.211981e-02	1.234679e-03	1.622994e-02	9.349648e-03	6.880291e-03
399           	1.969216e-01	8.632611e-02	1.105955e-01	1.810524e-01	1.283213e-01	5.273112e-02	3.779508e-02	-1.213469e-02	1.220232e-03	1.629288e-02	9.366673e-03	6.926209e-03
400           	1.969518e-01	8.637293e-02	1.105789e-01	1.810484e-01	1.283452e-01	5.270324e-02	3.782098e-02	-1.210298e-02	1.259600e-03	1.620408e-02	9.361639e-03	6.842440e-03
401           	1.969260e-01	8.635278e-02	1.105732e-01	1.810943e-01	1.283561e-01	5.273815e-02	3.780899e-02	-1.211020e-02	1.250366e-03	1.625181e-02	9.376269e-03	6.875537e-03
402           	1.969615e-01	8.639699e-02	1.105645e-01	1.810792e-01	1.283677e-01	5.271150e-02	3.782810e-02	-1.208374e-02	1.276490e-03	1.617830e-02	9.365642e-03	6.812662e-03
403           	1.969419e-01	8.639281e-02	1.105490e-01	1.810657e-01	1.283245e-01	5.274126e-02	3.779161e-02	-1.207812e-02	1.264177e-03	1.620352e-02	9.365935e-03	6.837581e-03
404           	1.969872e-01	8.644946e-02	1.105378e-01	1.810526e-01	1.283409e-01	5.271170e-02	3.781458e-02	-1.204416e-02	1.277479e-03	1.612850e-02	9.341727e-03	6.786770e-03
405           	1.969950e-01	8.646864e-02	1.105264e-01	1.810771e-01	1.283460e-01	5.273117e-02	3.780741e-02	-1.202887e-02	1.250439e-03	1.614555e-02	9.323215e-03	6.822336e-03
406           	1.970684e-01	8.656351e-02	1.105049e-01	1.810494e-01	1.283594e-01	5.268994e-02	3.783474e-02	-1.197070e-02	1.262183e-03	1.602237e-02	9.273366e-03	6.749001e-03
407           	1.971007e-01	8.659832e-02	1.105024e-01	1.810765e-01	1.283637e-01	5.271281e-02	3.782545e-02	-1.195204e-02	1.218577e-03	1.602555e-02	9.231351e-03	6.794198e-03
408           	1.971755e-01	8.669029e-02	1.104852e-01	1.810883e-01	1.284010e-01	5.268738e-02	3.785679e-02	-1.189748e-02	1.221067e-03	1.590782e-02	9.174976e-03	6.732841e-03
409           	1.972163e-01	8.672698e-02	1.104893e-01	1.810883e-01	1.283917e-01	5.269661e-02	3.784756e-02	-1.188118e-02	1.184562e-03	1.591237e-02	9.140749e-03	6.771624e-03
410           	1.973028e-01	8.682736e-02	1.104754e-01	1.810853e-01	1.284280e-01	5.265729e-02	3.788536e-02	-1.182403e-02	1.201739e-03	1.578523e-02	9.094355e-03	6.690877e-03
411           	1.973426e-01	8.685788e-02	1.104847e-01	1.811142e-01	1.284483e-01	5.266592e-02	3.789119e-02	-1.181343e-02	1.172849e-03	1.580021e-02	9.072956e-03	6.727258e-03
412           	1.974076e-01	8.692838e-02	1.104792e-01	1.810684e-01	1.284557e-01	5.261268e-02	3.792153e-02	-1.177541e-02	1.189783e-03	1.570936e-02	9.044465e-03	6.664899e-03
413           	1.974153e-01	8.692911e-02	1.104862e-01	1.810697e-01	1.284475e-01	5.262214e-02	3.791268e-02	-1.177852e-02	1.166655e-03	1.575109e-02	9.042198e-03	6.708888e-03
414           	1.974675e-01	8.696773e-02	1.104998e-01	1.810200e-01	1.284498e-01	5.257017e-02	3.793983e-02	-1.176603e-02	1.180831e-03	1.569967e-02	9.030668e-03	6.669006e-03
415           	1.974663e-01	8.694176e-02	1.105245e-01	1.810295e-01	1.284470e-01	5.258244e-02	3.793230e-02	-1.179138e-02	1.147609e-03	1.578780e-02	9.041511e-03	6.746292e-03
416           	1.975363e-01	8.698842e-02	1.105479e-01	1.810070e-01	1.284786e-01	5.252846e-02	3.797505e-02	-1.177972e-02	1.149324e-03	1.574199e-02	9.020321e-03	6.721672e-03
417           	1.975482e-01	8.698685e-02	1.105613e-01	1.810213e-01	1.284837e-01	5.253761e-02	3.797304e-02	-1.178723e-02	1.118179e-03	1.577423e-02	9.005295e-03	6.768936e-03
418           	1.976085e-01	8.704041e-02	1.105681e-01	1.810092e-01	1.285146e-01	5.249462e-02	3.800998e-02	-1.176385e-02	1.124202e-03	1.569594e-02	8.972170e-03	6.723767e-03
419           	1.976188e-01	8.703368e-02	1.105852e-01	1.810194e-01	1.285108e-01	5.250862e-02	3.800107e-02	-1.177574e-02	1.092967e-03	1.573743e-02	8.961681e-03	6.775746e-03
420           	1.976451e-01	8.705928e-02	1.105858e-01	1.809843e-01	1.285030e-01	5.248125e-02	3.801088e-02	-1.176328e-02	1.098142e-03	1.568106e-02	8.938671e-03	6.742388e-03
421           	1.976641e-01	8.703952e-02	1.106246e-01	1.810045e-01	1.285171e-01	5.248741e-02	3.801485e-02	-1.179254e-02	1.069368e-03	1.575661e-02	8.947676e-03	6.808939e-03
422           	1.977058e-01	8.705471e-02	1.106511e-01	1.810041e-01	1.285632e-01	5.244089e-02	3.806114e-02	-1.179822e-02	1.075785e-03	1.573430e-02	8.942937e-03	6.791366e-03
423           	1.977191e-01	8.701545e-02	1.107036e-01	1.810322e-01	1.285902e-01	5.244192e-02	3.807416e-02	-1.184409e-02	1.049597e-03	1.585391e-02	8.976551e-03	6.877357e-03
424           	1.977627e-01	8.701112e-02	1.107516e-01	1.810231e-01	1.286243e-01	5.239874e-02	3.811279e-02	-1.187024e-02	1.065892e-03	1.588036e-02	9.006072e-03	6.874289e-03
425           	1.977781e-01	8.695898e-02	1.108191e-01	1.810803e-01	1.286767e-01	5.240364e-02	3.813651e-02	-1.193005e-02	1.055677e-03	1.602489e-02	9.068123e-03	6.956769e-03
426           	1.978060e-01	8.695148e-02	1.108546e-01	1.810761e-01	1.287088e-01	5.236724e-02	3.817080e-02	-1.195154e-02	1.090371e-03	1.603101e-02	9.105875e-03	6.925133e-03
427           	1.978212e-01	8.689752e-02	1.109237e-01	1.810782e-01	1.287075e-01	5.237062e-02	3.816846e-02	-1.201307e-02	1.085684e-03	1.617229e-02	9.171829e-03	7.000461e-03
428           	1.978301e-01	8.688111e-02	1.109490e-01	1.811046e-01	1.287586e-01	5.234602e-02	3.820628e-02	-1.203396e-02	1.122882e-03	1.617510e-02	9.210432e-03	6.964667e-03
429           	1.978409e-01	8.683479e-02	1.110061e-01	1.811605e-01	1.287951e-01	5.236542e-02	3.821484e-02	-1.208566e-02	1.129562e-03	1.629059e-02	9.274855e-03	7.015730e-03
430           	1.978351e-01	8.681022e-02	1.110249e-01	1.811580e-01	1.288082e-01	5.234984e-02	3.822918e-02	-1.210734e-02	1.167201e-03	1.629950e-02	9.316949e-03	6.982548e-03
431           	1.978138e-01	8.674565e-02	1.110681e-01	1.812176e-01	1.288312e-01	5.238640e-02	3.822241e-02	-1.216124e-02	1.166713e-03	1.642216e-02	9.377792e-03	7.044365e-03
432           	1.977994e-01	8.671568e-02	1.110838e-01	1.812592e-01	1.288697e-01	5.238952e-02	3.824008e-02	-1.218404e-02	1.202187e-03	1.642410e-02	9.414238e-03	7.009864e-03
433           	1.977687e-01	8.665309e-02	1.111156e-01	1.813073e-01	1.288733e-01	5.243393e-02	3.821971e-02	-1.223125e-02	1.199622e-03	1.653544e-02	9.467343e-03	7.068099e-03
434           	1.977458e-01	8.663057e-02	1.111152e-01	1.813341e-01	1.288980e-01	5.243614e-02	3.823091e-02	-1.224233e-02	1.231740e-03	1.652624e-02	9.494862e-03	7.031382e-03
435           	1.977237e-01	8.657600e-02	1.111477e-01	1.814109e-01	1.289299e-01	5.248100e-02	3.822444e-02	-1.228584e-02	1.233918e-03	1.663410e-02	9.550968e-03	7.083132e-03
436           	1.977024e-01	8.657152e-02	1.111309e-01	1.814254e-01	1.289440e-01	5.248138e-02	3.823132e-02	-1.227968e-02	1.287452e-03	1.658251e-02	9.578705e-03	7.003802e-03
437           	1.976734e-01	8.652267e-02	1.111507e-01	1.814667e-01	1.289478e-01	5.251888e-02	3.821446e-02	-1.231401e-02	1.293036e-03	1.666840e-02	9.627236e-03	7.041165e-03
438           	1.976482e-01	8.651566e-02	1.111325e-01	1.814545e-01	1.289310e-01	5.252352e-02	3.820373e-02	-1.230844e-02	1.343409e-03	1.661961e-02	9.653212e-03	6.966394e-03
439           	1.976285e-01	8.647451e-02	1.111540e-01	1.814876e-01	1.289272e-01	5.256046e-02	3.818335e-02	-1.233974e-02	1.358497e-03	1.670276e-02	9.709875e-03	6.992882e-03
440           	1.976239e-01	8.648017e-02	1.111437e-01	1.814985e-01	1.289468e-01	5.255175e-02	3.819751e-02	-1.233177e-02	1.409346e-03	1.665224e-02	9.735465e-03	6.916772e-03
441           	1.976045e-01	8.644787e-02	1.111566e-01	1.815127e-01	1.289262e-01	5.258650e-02	3.816984e-02	-1.235437e-02	1.417321e-03	1.672672e-02	9.780683e-03	6.946041e-03
442           	1.976068e-01	8.646915e-02	1.111376e-01	1.815068e-01	1.289245e-01	5.258228e-02	3.817111e-02	-1.233424e-02	1.457975e-03	1.665798e-02	9.786967e-03	6.871018e-03
443           	1.976017e-01	8.645132e-02	1.111504e-01	1.815435e-01	1.289205e-01	5.262300e-02	3.814876e-02	-1.234952e-02	1.455324e-03	1.671771e-02	9.814179e-03	6.903532e-03
444           	1.975788e-01	8.647396e-02	1.111049e-01	1.814992e-01	1.288742e-01	5.262502e-02	3.812458e-02	-1.231545e-02	1.490655e-03	1.661764e-02	9.799477e-03	6.818167e-03
445           	1.975386e-01	8.646003e-02	1.110786e-01	1.814760e-01	1.288074e-01	5.266859e-02	3.806943e-02	-1.230928e-02	1.484227e-03	1.664058e-02	9.804518e-03	6.836064e-03
446           	1.975603e-01	8.651665e-02	1.110437e-01	1.814596e-01	1.288101e-01	5.264947e-02	3.808031e-02	-1.226351e-02	1.509336e-03	1.653253e-02	9.775600e-03	6.756928e-03
447           	1.975606e-01	8.654592e-02	1.110147e-01	1.814263e-01	1.287629e-01	5.266337e-02	3.804978e-02	-1.223439e-02	1.504016e-03	1.651055e-02	9.759289e-03	6.751257e-03
448           	1.975599e-01	8.660512e-02	1.109547e-01	1.813507e-01	1.287059e-01	5.264480e-02	3.803057e-02	-1.217481e-02	1.525671e-03	1.637304e-02	9.712189e-03	6.660846e-03
449           	1.975429e-01	8.663206e-02	1.109108e-01	1.813276e-01	1.286662e-01	5.266143e-02	3.800238e-02	-1.213937e-02	1.511187e-03	1.633247e-02	9.677423e-03	6.655048e-03
450           	1.975770e-01	8.671114e-02	1.108659e-01	1.812735e-01	1.286492e-01	5.262436e-02	3.801241e-02	-1.207738e-02	1.536122e-03	1.618501e-02	9.628629e-03	6.556385e-03
451           	1.975783e-01	8.675130e-02	1.108270e-01	1.811986e-01	1.285842e-01	5.261439e-02	3.798490e-02	-1.203786e-02	1.522964e-03	1.613398e-02	9.589953e-03	6.544025e-03
452           	1.976267e-01	8.683526e-02	1.107914e-01	1.811447e-01	1.285785e-01	5.256617e-02	3.800618e-02	-1.197808e-02	1.530861e-03	1.599420e-02	9.527960e-03	6.466238e-03
453           	1.976127e-01	8.686535e-02	1.107474e-01	1.810821e-01	1.285224e-01	5.255970e-02	3.798136e-02	-1.194101e-02	1.509540e-03	1.594392e-02	9.481499e-03	6.462420e-03
454           	1.976576e-01	8.695261e-02	1.107050e-01	1.810071e-01	1.285096e-01	5.249751e-02	3.800603e-02	-1.187617e-02	1.521553e-03	1.579764e-02	9.420375e-03	6.377268e-03
455           	1.976409e-01	8.696181e-02	1.106791e-01	1.809362e-01	1.284474e-01	5.248880e-02	3.797930e-02	-1.185862e-02	1.481433e-03	1.580036e-02	9.381613e-03	6.418746e-03
456           	1.976784e-01	8.703545e-02	1.106430e-01	1.808555e-01	1.284108e-01	5.244470e-02	3.798307e-02	-1.180376e-02	1.477325e-03	1.568957e-02	9.322112e-03	6.367462e-03
457           	1.976768e-01	8.706189e-02	1.106150e-01	1.807726e-01	1.283424e-01	5.243025e-02	3.795607e-02	-1.177654e-02	1.432871e-03	1.566715e-02	9.266446e-03	6.400703e-03
458           	1.977204e-01	8.715978e-02	1.105606e-01	1.807360e-01	1.283481e-01	5.238791e-02	3.798011e-02	-1.170041e-02	1.423392e-03	1.551064e-02	9.178712e-03	6.331928e-03
459           	1.977260e-01	8.721054e-02	1.105154e-01	1.806821e-01	1.282948e-01	5.238728e-02	3.795378e-02	-1.165244e-02	1.377747e-03	1.545330e-02	9.104395e-03	6.348901e-03
460           	1.977626e-01	8.730403e-02	1.104585e-01	1.806438e-01	1.282910e-01	5.235280e-02	3.796910e-02	-1.157726e-02	1.364080e-03	1.529991e-02	9.014037e-03	6.285877e-03
461           	1.977670e-01	8.733957e-02	1.104275e-01	1.806498e-01	1.282892e-01	5.236057e-02	3.796433e-02	-1.154395e-02	1.322905e-03	1.527124e-02	8.958523e-03	6.312714e-03
462           	1.977813e-01	8.738694e-02	1.103944e-01	1.806253e-01	1.282903e-01	5.233499e-02	3.797764e-02	-1.150372e-02	1.307596e-03	1.518681e-02	8.901001e-03	6.285809e-03
463           	1.977537e-01	8.737724e-02	1.103764e-01	1.806246e-01	1.282657e-01	5.235886e-02	3.795343e-02	-1.149960e-02	1.259467e-03	1.521597e-02	8.867451e-03	6.348516e-03
464           	1.977749e-01	8.739717e-02	1.103777e-01	1.806534e-01	1.283243e-01	5.232918e-02	3.799754e-02	-1.149026e-02	1.243126e-03	1.519777e-02	8.842010e-03	6.355758e-03
465           	1.977765e-01	8.739088e-02	1.103856e-01	1.807050e-01	1.283591e-01	5.234593e-02	3.800658e-02	-1.149735e-02	1.205923e-03	1.525550e-02	8.833674e-03	6.421828e-03
466           	1.977776e-01	8.739763e-02	1.103800e-01	1.806786e-01	1.283621e-01	5.231648e-02	3.802280e-02	-1.149116e-02	1.199253e-03	1.523719e-02	8.817848e-03	6.419343e-03
467           	1.977672e-01	8.737841e-02	1.103888e-01	1.807333e-01	1.283974e-01	5.233591e-02	3.803075e-02	-1.150520e-02	1.160344e-03	1.529545e-02	8.808068e-03	6.487380e-03
468           	1.977468e-01	8.737457e-02	1.103723e-01	1.807252e-01	1.284052e-01	5.231998e-02	3.804261e-02	-1.149884e-02	1.164735e-03	1.525763e-02	8.793548e-03	6.464078e-03
469           	1.977239e-01	8.733615e-02	1.103877e-01	1.807559e-01	1.284125e-01	5.234339e-02	3.803456e-02	-1.152578e-02	1.130140e-03	1.533557e-02	8.797925e-03	6.537645e-03
470           	1.976939e-01	8.730814e-02	1.103857e-01	1.807823e-01	1.284577e-01	5.232463e-02	3.806651e-02	-1.153879e-02	1.131598e-03	1.534076e-02	8.801976e-03	6.538780e-03
471           	1.976800e-01	8.725920e-02	1.104208e-01	1.808580e-01	1.285126e-01	5.234540e-02	3.808362e-02	-1.158079e-02	1.099930e-03	1.545149e-02	8.825675e-03	6.625815e-03
472           	1.976641e-01	8.723064e-02	1.104334e-01	1.808696e-01	1.285479e-01	5.232169e-02	3.811310e-02	-1.160139e-02	1.107386e-03	1.546822e-02	8.841498e-03	6.626726e-03
473           	1.976293e-01	8.716711e-02	1.104622e-01	1.809672e-01	1.286048e-01	5.236238e-02	3.812120e-02	-1.164754e-02	1.079290e-03	1.558045e-02	8.869517e-03	6.710936e-03
474           	1.975931e-01	8.712585e-02	1.104673e-01	1.810123e-01	1.286526e-01	5.235971e-02	3.814646e-02	-1.167072e-02	1.099904e-03	1.559446e-02	8.897133e-03	6.697325e-03
475           	1.975572e-01	8.706539e-02	1.104918e-01	1.810691e-01	1.286724e-01	5.239671e-02	3.813784e-02	-1.171320e-02	1.096919e-03	1.569192e-02	8.942880e-03	6.749042e-03
476           	1.975089e-01	8.701738e-02	1.104916e-01	1.811084e-01	1.287052e-01	5.240328e-02	3.815094e-02	-1.173709e-02	1.136174e-03	1.571348e-02	8.992912e-03	6.720563e-03
477           	1.974632e-01	8.694649e-02	1.105167e-01	1.812161e-01	1.287567e-01	5.245942e-02	3.814863e-02	-1.178508e-02	1.142499e-03	1.583277e-02	9.058883e-03	6.773885e-03
478           	1.974161e-01	8.690377e-02	1.105123e-01	1.812585e-01	1.287851e-01	5.247347e-02	3.815579e-02	-1.180426e-02	1.192925e-03	1.583880e-02	9.112327e-03	6.726477e-03
479           	1.973672e-01	8.682003e-02	1.105472e-01	1.813567e-01	1.288233e-01	5.253345e-02	3.814491e-02	-1.186358e-02	1.193222e-03	1.597685e-02	9.181649e-03	6.795205e-03
480           	1.972893e-01	8.675211e-02	1.105372e-01	1.813896e-01	1.288197e-01	5.256987e-02	3.812494e-02	-1.189256e-02	1.232826e-03	1.600269e-02	9.234171e-03	6.768519e-03
481           	1.972435e-01	8.668339e-02	1.105601e-01	1.814716e-01	1.288374e-01	5.263425e-02	3.810158e-02	-1.193835e-02	1.231018e-03	1.612037e-02	9.291204e-03	6.829168e-03
482           	1.971966e-01	8.664323e-02	1.105534e-01	1.815273e-01	1.288735e-01	5.265386e-02	3.810980e-02	-1.195506e-02	1.257176e-03	1.612560e-02	9.319975e-03	6.805623e-03
483           	1.971230e-01	8.657755e-02	1.105454e-01	1.815804e-01	1.288548e-01	5.272554e-02	3.806464e-02	-1.198394e-02	1.244241e-03	1.621664e-02	9.352559e-03	6.864077e-03
484           	1.970591e-01	8.654324e-02	1.105158e-01	1.815638e-01	1.288078e-01	5.275600e-02	3.802588e-02	-1.198629e-02	1.258726e-03	1.620583e-02	9.361642e-03	6.844190e-03
485           	1.970073e-01	8.649962e-02	1.105077e-01	1.816308e-01	1.288037e-01	5.282703e-02	3.798835e-02	-1.200403e-02	1.241208e-03	1.627419e-02	9.378303e-03	6.895888e-03
486           	1.969602e-01	8.648510e-02	1.104751e-01	1.815973e-01	1.287495e-01	5.284777e-02	3.795087e-02	-1.199500e-02	1.257512e-03	1.623683e-02	9.375929e-03	6.860905e-03
487           	1.969135e-01	8.646144e-02	1.104521e-01	1.816036e-01	1.286954e-01	5.290820e-02	3.789359e-02	-1.199531e-02	1.236511e-03	1.627486e-02	9.373939e-03	6.900917e-03
488           	1.969110e-01	8.649485e-02	1.104162e-01	1.815844e-01	1.286756e-01	5.290885e-02	3.788335e-02	-1.196065e-02	1.256615e-03	1.617703e-02	9.345131e-03	6.831900e-03
489           	1.969243e-01	8.651959e-02	1.104047e-01	1.816369e-01	1.286875e-01	5.294936e-02	3.786909e-02	-1.194255e-02	1.250726e-03	1.616014e-02	9.330798e-03	6.829345e-03
490           	1.969514e-01	8.658737e-02	1.103640e-01	1.815729e-01	1.286426e-01	5.293030e-02	3.785615e-02	-1.188832e-02	1.286300e-03	1.601721e-02	9.294905e-03	6.722305e-03
491           	1.969553e-01	8.660289e-02	1.103524e-01	1.815538e-01	1.285928e-01	5.296099e-02	3.781589e-02	-1.187478e-02	1.275008e-03	1.601663e-02	9.283323e-03	6.733306e-03
492           	1.969709e-01	8.666688e-02	1.103040e-01	1.814634e-01	1.285359e-01	5.292744e-02	3.780425e-02	-1.181857e-02	1.308642e-03	1.586360e-02	9.240443e-03	6.623159e-03
493           	1.969985e-01	8.670831e-02	1.102902e-01	1.814264e-01	1.284944e-01	5.293198e-02	3.778122e-02	-1.179097e-02	1.304736e-03	1.582865e-02	9.219062e-03	6.609590e-03
494           	1.970272e-01	8.679417e-02	1.102330e-01	1.813138e-01	1.284338e-01	5.288000e-02	3.777691e-02	-1.171944e-02	1.328626e-03	1.564447e-02	9.150863e-03	6.493612e-03
495           	1.970353e-01	8.684717e-02	1.101881e-01	1.812495e-01	1.283617e-01	5.288783e-02	3.773693e-02	-1.167046e-02	1.313962e-03	1.555996e-02	9.093940e-03	6.466017e-03
496           	1.970557e-01	8.694513e-02	1.101106e-01	1.811034e-01	1.282696e-01	5.283376e-02	3.771793e-02	-1.158271e-02	1.331738e-03	1.533845e-02	9.000964e-03	6.337487e-03
497           	1.970748e-01	8.701690e-02	1.100579e-01	1.810603e-01	1.282223e-01	5.283805e-02	3.769211e-02	-1.152050e-02	1.309807e-03	1.522227e-02	8.920940e-03	6.301326e-03
498           	1.970796e-01	8.710939e-02	1.099702e-01	1.808857e-01	1.281005e-01	5.278523e-02	3.765765e-02	-1.143040e-02	1.310057e-03	1.500534e-02	8.812726e-03	6.192612e-03
499           	1.970932e-01	8.718515e-02	1.099081e-01	1.808333e-01	1.280366e-01	5.279669e-02	3.761997e-02	-1.136147e-02	1.279274e-03	1.488364e-02	8.721093e-03	6.162545e-03
500           	1.971296e-01	8.729430e-02	1.098353e-01	1.807019e-01	1.279689e-01	5.273304e-02	3.761792e-02	-1.127049e-02	1.280128e-03	1.467689e-02	8.618574e-03	6.058318e-03
